           WASP-14_b   2.24375200     2454463.57583000    183.600    0.01020    9.750 218.276479  21.894694   0.00001000   0.00001000
          WASP-105_b   7.87288000     2456600.07650000    223.200    0.01200   12.100  24.167667 -50.659028   0.00001000   0.00001000
         Kepler-20_b   3.69612190     2454967.50027000    130.890    0.00034   12.510 287.698017  42.338694   0.00000430   0.00000640
          HAT-P-27_b   3.03957700     2455407.90880000    100.800    0.01430   12.200 222.767454   5.947361   0.00000500   0.00000600
           HD_3167_b   0.95964100     2457394.37454000     97.315    0.00030    8.940   8.739421   4.381889   0.00001100   0.00001200
           WASP-21_b   4.32248200     2454743.04190000    201.312    0.01082   11.580 347.492725  18.396056   0.00001900   0.00002400
           WASP-25_b   3.76482500     2455274.99649000    167.040    0.01870   11.880 195.359892 -27.522194   0.00000500   0.00000500
          WASP-140_b   2.23598350     2456912.35105000     90.864    0.02050   11.100  60.385625 -20.451083   0.00000080   0.00000080
          WASP-103_b   0.92554200     2456459.59957000    155.580    0.01195   12.100 249.314875   7.183353   0.00001900   0.00001900
          WASP-131_b   5.32202300     2456919.82360000    229.824    0.00665   10.100 210.193542 -30.583556   0.00000500   0.00000500
           WASP-19_b   0.78884000     2455168.96801000     94.320    0.02060   12.590 148.416987 -45.659167   0.00000030   0.00000030
           WASP-93_b   2.73253210     2456079.56420000    134.064    0.01097   11.090   9.458792  51.288766   0.00000200   0.00000200
        Kepler-516_b  24.85462415     2455007.00100000    537.522    0.00068   12.120 295.608792  38.735722   0.00002819   0.00002819
             K2-99_b  18.24900000     2457233.82300000    720.000    0.00178   11.150 208.773764  -5.442486   0.00100000   0.00100000
           WASP-18_b   0.94145290     2454664.90531000    130.882    0.00916    9.393  24.354217 -45.677931   0.00000078   0.00000086
             K2-29_b   3.25883210     2453219.00950000    133.200    0.02013   12.560  62.670344  24.401750   0.00000190   0.00000190
          KELT-2_A_b   4.11379120     2455974.60335000    310.320    0.00521    8.710  92.663892  30.957147   0.00001000   0.00000990
             K2-24_c  42.36330000     2456915.62510000    388.800    0.00353   11.280 242.573740 -24.990349   0.00060000   0.00060000
             K2-77_b   8.19979600     2457070.80596000    144.000    0.00077   12.160  55.228421  12.572611   0.00068300   0.00071900
           WASP-10_b   3.09276160     2454664.03729500    133.626    0.02525   12.700 348.992912  31.462833   0.00001120   0.00001120
           WASP-17_b   3.73543300     2454559.18096000    265.392    0.01672   11.600 239.962279 -28.061750   0.00000750   0.00000770
          HAT-P-17_b  10.33852300     2454801.16945000    243.504    0.01526   10.540 324.536383  30.488722   0.00000900   0.00000900
             K2-21_b   9.32414000     2440000.00000000    138.240    0.00068   12.850 340.303683 -14.488889   0.00059000   0.00063000
          WASP-117_b  10.02165000     2456533.82326000    356.400    0.00803   10.140  36.775404 -50.284444   0.00055000   0.00055000
          WASP-157_b   3.95162050     2457257.80319400    116.784    0.00891   12.910 201.655208  -8.317556   0.00000400   0.00000400
         WASP-70_A_b   3.71302030     2455736.50348000    200.016    0.00970   10.790 315.476988 -13.433250   0.00000470   0.00000470
             K2-60_b   3.00265000     2456928.05930000    184.320    0.00400   12.790 338.606193 -13.731711   0.00004000   0.00004000
          WASP-106_b   9.28971500     2456649.54972000    321.782    0.00642   11.210 166.429738  -5.079167   0.00001000   0.00001000
          HAT-P-32_b   2.15000800     2454420.44637000    186.480    0.02274   11.440  31.042825  46.687833   0.00000100   0.00000100
          WASP-119_b   2.49979000     2456537.54700000    181.440    0.01310   12.200  55.933458 -65.193861   0.00001000   0.00001000
            K2-138_f  12.75759000     2457738.70190000    191.520    0.00089   12.210 348.949035 -10.849694   0.00092000   0.00092000
              K2-3_b  10.05403000     2456813.41890000    153.216    0.00121   12.170 172.334950  -1.454786   0.00026000   0.00025000
           WASP-16_b   3.11860090     2454584.42878000    115.200    0.01199   11.300 214.683008 -20.275500   0.00001460   0.00001400
          WASP-167_b   2.02195960     2456592.46430000    163.440    0.00820   10.520 196.043892 -35.549534   0.00000060   0.00000060
         Kepler-37_d  39.79218700     2455008.20000000    278.407    0.00057    9.770 284.059608  44.518139   0.00004000   0.00004300
           WASP-79_b   3.66238170     2455545.23479000    225.072    0.01148   10.040  66.370921 -30.600417   0.00000510   0.00000510
           GJ_9827_b   1.20898020     2457738.82588000     75.586    0.00059   10.100 351.769246  -1.286797   0.00000840   0.00000810
          WASP-129_b   5.74814500     2457027.43730000    161.136    0.01140   12.300 176.298958 -42.063917   0.00000400   0.00000400
           WASP-42_b   4.98168770     2455650.56723000    173.405    0.01650   12.570 192.981546 -42.073583   0.00000680   0.00000730
          HAT-P-41_b   2.69404700     2454983.86167000    245.376    0.01057   11.360 297.322662   4.672417   0.00000400   0.00000400
          KELT-4_A_b   2.98959330     2456188.81500000    207.763    0.01186    9.980 157.062517  25.573217   0.00000490   0.00000490
           KELT-14_b   1.71005660     2546665.22401000    131.285    0.01386   11.000 108.301475 -42.409754   0.00000320   0.00000260
         MASCARA-1_b   2.14878000     2457097.27800000    243.000    0.00540    8.270 317.551567  10.738864   0.00000800   0.00000800
           HAT-P-2_b   5.63347290     2454387.49375000    257.328    0.00522    8.710 245.151521  41.048156   0.00000610   0.00000610
          HAT-P-24_b   3.35524000     2455216.97667000    221.616    0.00941   11.760 108.825083  14.262583   0.00000700   0.00000700
            K2-138_d   5.40478000     2457743.16070000    178.560    0.00080   12.210 348.949035 -10.849694   0.00048000   0.00046000
            KELT-7_b   2.73477490     2456223.95920000    210.672    0.00828    8.540  78.295508  33.318286   0.00000390   0.00000390
         Kepler-20_f  19.57706000     2454968.21900000    199.976    0.00010   12.510 287.698017  42.338694   0.00052000   0.00052000
           KELT-11_b   4.73652500     2457440.83190000    438.192    0.00267    8.040 161.707446  -9.398836   0.00006700   0.00005700
           WASP-24_b   2.34121270     2455081.37941000    161.057    0.01008   11.306 227.215579   2.343306   0.00000200   0.00000200
          HAT-P-29_b   5.72318600     2455197.57540000    202.608    0.00859   11.830  33.131225  51.778750   0.00004900   0.00004900
         HD_219134_b   3.09292600     2457126.69913000     56.736    0.00036    5.570 348.311433  57.167639   0.00001000   0.00001000
          HAT-P-11_b   4.88781620     2454605.89132000    137.808    0.00332    9.578 297.708904  48.080294   0.00000710   0.00000710
           HAT-P-4_b   3.05653600     2454245.81540000    255.600    0.00672   11.200 229.991333  36.229639   0.00005700   0.00005700
          HAT-P-21_b   4.12448100     2454996.41312000    220.320    0.00903   11.685 171.274950  41.027944   0.00000700   0.00000700
           KELT-21_b   3.61276470     2457382.64072700    246.326    0.00990   10.480 304.800020  32.581045   0.00000330   0.00000330
           WASP-45_b   3.12608760     2455441.26925000    107.424    0.01495   12.000   5.237488 -35.998278   0.00000350   0.00000350
       Kepler-1171_b   1.44259224     2454967.07200000    180.906    0.00015   11.650 294.958917  38.591583   0.00000219   0.00000219
          HAT-P-33_b   3.47447400     2455110.92595000    264.816    0.01119   11.030 113.184242  33.835028   0.00000100   0.00000100
          WASP-139_b   5.92426200     2457196.79330000    169.920    0.01070   12.400  49.562208 -41.302139   0.00000400   0.00000400
           WASP-46_b   1.43037000     2455392.31553000    100.411    0.02155   12.900 318.736921 -55.871778   0.00000230   0.00000230
          WASP-130_b  11.55098000     2456921.14307000    223.200    0.00916   11.100 203.106000 -42.475278   0.00001000   0.00001000
           WASP-84_b   8.52348650     2456286.10583000    164.909    0.01678   10.830 131.107097   1.860029   0.00000700   0.00000700
           HAT-P-1_b   4.46529340     2454363.94656000    167.064    0.01263   10.330 344.445104  38.674944   0.00000930   0.00000930
           HD_3167_c  29.84540000     2457394.97880000    309.600    0.00098    8.940   8.739421   4.381889   0.00120000   0.00120000
          WASP-141_b   3.31065100     2457019.59530000    216.000    0.00830   12.400  71.824417 -17.115167   0.00000500   0.00000500
           WASP-22_b   3.53269000     2454780.24960000    197.280    0.01040   12.000  52.818017 -23.819694   0.00001000   0.00001000
            WASP-2_b   2.15222540     2453991.51428000    106.157    0.01802   11.880 307.725542   6.429528   0.00000150   0.00000140
           WASP-34_b   4.31767820     2454647.55358000    126.144    0.01261   10.280 165.399558 -23.860639   0.00000450   0.00000450
          HAT-P-22_b   3.21222000     2454930.22001000    172.224    0.01134    9.732 155.681621  50.128333   0.00000900   0.00000900
          WASP-123_b   2.97764120     2456845.17082000    185.616    0.01110   11.100 289.478667 -32.861139   0.00000230   0.00000230
           CoRoT-7_b   0.85359163     2454398.07670000     67.500    0.00035   11.668 100.956125  -1.063028   0.00000001   0.00000001
           HATS-12_b   3.14283470     2457364.66541000    271.426    0.00399   12.756 289.202393 -19.355902   0.00000220   0.00000220
            HATS-1_b   3.44645900     2455241.28722000    145.008    0.01659   12.050 175.525333 -23.354833   0.00000400   0.00000400
          HD_80606_b 111.43670000     2454876.34400000    725.760    0.01117    9.060 140.656358  50.603706   0.00040000   0.00040000
         Kepler-68_b   5.39876300     2455006.85729000    211.156    0.00029   10.080 291.032350  49.040250   0.00000400   0.00000400
           WASP-78_b   2.17517656     2455882.35904000    281.232    0.00650   11.960  63.756271 -22.116417   0.00000480   0.00000480
          WASP-120_b   3.61127060     2456779.43556000    213.552    0.00655   11.000  62.616042 -45.898222   0.00000430   0.00000430
              K2-3_c  24.64540000     2456812.27860000    205.632    0.00078   12.170 172.334950  -1.454786   0.00130000   0.00130000
             K2-10_b  19.30440000     2456819.58140000    280.689    0.00127   12.420 172.121960   1.690633   0.00120000   0.00120000
            TrES-3_b   1.30619000     2454185.91010000     81.265    0.02739   12.402 268.029250  37.546167   0.00001000   0.00001000
          WASP-156_b   3.83616900     2454677.70700000    144.600    0.00469   11.600  32.781708   2.418000   0.00000300   0.00000300
            K2-136_c  17.30713700     2457812.71770000    207.360    0.00161   11.200  67.412474  22.882721   0.00025200   0.00028400
          HAT-P-26_b   4.23451600     2455304.65122000    147.312    0.00543   11.744 213.156404   4.060028   0.00001500   0.00001500
         Kepler-20_e   6.09849300     2454968.93360000    152.402    0.00007   12.510 287.698017  42.338694   0.00006500   0.00006500
        Kepler-454_b  10.57000000     2455008.06758000    106.581    0.00042   11.570 287.478521  38.228844   0.00000007   0.00000007
          CoRoT-11_b   2.99433000     2454597.67900000    150.048    0.01145   12.800 280.687292   5.937694   0.00001100   0.00001100
            GJ_436_b   2.64385000     2454415.62074000     45.648    0.00696   10.680 175.543787  26.708547   0.00009000   0.00009000
           KELT-18_b   2.87175180     2457559.75680000    278.496    0.00716   10.160 216.523989  59.444247   0.00000290   0.00000290
           WASP-37_b   3.57746900     2455338.61880000    187.776    0.01427   12.704 221.944000   1.064944   0.00001100   0.00001100
          HAT-P-40_b   4.45724300     2455813.17584000    368.208    0.00651   11.340 335.512908  45.457333   0.00001000   0.00001000
           HATS-24_b   1.34849540     2457038.47327000    145.152    0.01708   12.830 268.890697 -61.747324   0.00000130   0.00000130
          WASP-142_b   2.05286800     2457007.77790000    160.848    0.00916   12.300 140.506375 -23.946167   0.00000200   0.00000200
            KELT-6_b   7.84570000     2456347.79679300    331.200    0.00602   10.336 195.981867  30.640028   0.00020000   0.00020000
           WASP-13_b   4.35301350     2455575.51360000    243.780    0.00844   10.420 140.102925  33.882389   0.00000270   0.00000270
          HAT-P-18_b   5.50802300     2454715.02174000    162.864    0.01863   12.759 256.346462  33.012472   0.00000600   0.00000600
           WASP-43_b   0.81347500     2455528.86774000     69.552    0.02550   12.400 154.908367  -9.806250   0.00000100   0.00000100
           WASP-88_b   4.95400000     2456477.20854000    362.880    0.00700   11.400 309.511250 -48.462000   0.00001900   0.00001900
          HAT-P-38_b   4.64038200     2455863.11957000    182.448    0.00843   12.600  35.383000  32.246333   0.00003200   0.00003200
    EPIC_211945201_b  19.49213000     2458113.93994000    234.720    0.00166   10.150 136.573985  19.402236   0.00001000   0.00001000
          WASP-151_b   4.53347100     2457741.00810000    219.600    0.01022   12.900 349.063458   0.306750   0.00000400   0.00000400
          WASP-114_b   1.54877430     2456667.73582000    166.925    0.00927   12.743 327.664417  10.463472   0.00000120   0.00000091
          HAT-P-45_b   3.12899200     2455729.98612000    206.784    0.01232   12.790 274.373242  -3.381028   0.00002100   0.00002100
          WASP-136_b   5.21535700     2456776.90615000    327.168    0.00411    9.980   0.325750  -8.926333   0.00000600   0.00000600
         HD_149026_b   2.87589110     2454456.78761000    194.400    0.00293    8.160 247.623650  38.347181   0.00000250   0.00000250
           WASP-92_b   2.17467420     2456381.28340000    166.032    0.01254   12.920 246.692078  51.041081   0.00000160   0.00000160
           Qatar-5_b   2.87923190     2457336.75824200    174.528    0.01126   12.820   7.053932  42.061373   0.00001000   0.00001000
          HAT-P-49_b   2.69154800     2456399.62406000    246.528    0.00627   10.210 305.441367  26.692667   0.00000600   0.00000600
           HAT-P-7_b   2.20473700     2454731.67929000    240.336    0.00602   10.460 292.247342  47.969500   0.00001700   0.00001700
            K2-105_b   8.26690200     2457147.99107000    207.734    0.00120   11.750 125.420268  13.497533   0.00007000   0.00007000
           WASP-38_b   6.87188000     2455322.17740000    283.536    0.00690    9.477 243.959850  10.032583   0.00001000   0.00001000
           WASP-69_b   3.86813820     2455748.83344000    133.776    0.01786    9.870 315.025804  -5.094472   0.00000170   0.00000170
            WASP-6_b   3.36100600     2454596.43267000    156.384    0.02092   11.910 348.157296 -22.673917   0.00000220   0.00000340
           WASP-83_b   4.97125200     2455928.88530000    201.888    0.01040   12.900 190.152125 -19.284278   0.00001500   0.00001500
           HAT-P-5_b   2.78849100     2454241.77663000    175.248    0.01223   12.000 274.405412  36.621333   0.00002500   0.00002500
           WASP-33_b   1.21986983     2454163.22373000    161.626    0.01136    8.300  36.712746  37.550503   0.00000045   0.00000045
            TrES-1_b   3.03006500     2453901.90372000    150.781    0.01844   11.760 286.041017  36.632639   0.00000800   0.00000800
           KELT-10_b   4.16627390     2457066.72045000    224.640    0.01416   10.620 284.548373 -47.003240   0.00000630   0.00000630
          WASP-138_b   3.63443300     2457326.62183000    226.368    0.00683   11.810  41.639083  -0.463917   0.00000500   0.00000500
           WASP-62_b   4.41195300     2455855.39195000    228.672    0.01230   10.210  87.139975 -63.988389   0.00000300   0.00000300
           WASP-11_b   3.72246500     2454473.05588000    153.360    0.01620   11.890  47.368929  30.673528   0.00000600   0.00000800
          WASP-118_b   4.04604350     2456787.81423000    288.288    0.00755   11.040  19.550575   2.702848   0.00000440   0.00000440
          HAT-P-19_b   4.00877800     2455091.53417000    170.208    0.02011   12.901   9.516717  34.711528   0.00000600   0.00000600
             K2-31_b   1.25785000     2457191.70889000     58.896    0.01820   10.800 245.440742 -23.547858   0.00000200   0.00000200
         Kepler-36_c  16.23855000     2454955.91320000    445.800    0.00043   11.940 291.250104  49.231861   0.00038000   0.00054000
              XO-2_b   2.61585700     2454147.74902000    160.739    0.01081   11.180 117.026950  50.225806   0.00000500   0.00000500
         Kepler-96_b  16.23844000     2455004.01897000    244.302    0.00057   10.570 297.069637  40.525139   0.00017000   0.00017000
           HATS-17_b  16.25461100     2457139.16720000    289.584    0.00527   12.390 192.189772 -47.613691   0.00007300   0.00007300
           WASP-63_b   4.37808000     2455921.65270000    320.400    0.00609   11.150  94.336442 -38.323278   0.00000600   0.00000600
          HAT-P-16_b   2.77596000     2455027.59293000    183.744    0.01147   10.812   9.573175  42.463111   0.00000300   0.00000300
            TrES-4_b   3.55394500     2454230.90530000    217.686    0.00984   11.592 268.304408  37.211750   0.00007500   0.00007500
           GJ_9827_d   6.20146700     2457740.96111000     73.584    0.00096   10.100 351.769246  -1.286797   0.00006200   0.00006100
          HAT-P-50_b   3.12201090     2456285.90993000    220.464    0.00612   11.762 118.063408  12.139399   0.00000650   0.00000650
           WASP-20_b   4.89962850     2455715.80000000    203.904    0.01161   10.680   5.160542 -23.935722   0.00000340   0.00000340
           HATS-35_b   1.82099930     2456981.80199000    187.056    0.01105   12.560 296.688254 -63.565594   0.00000160   0.00000160
       Kepler-1115_b  23.55407250     2454977.21200000    429.538    0.00008   11.700 294.991792  40.144417   0.00013560   0.00013560
           WASP-49_b   2.78173870     2455580.59436000    127.181    0.01376   11.350  91.089475 -16.965278   0.00000560   0.00000560
         Kepler-37_c  21.30188600     2455024.80000000    230.718    0.00008    9.770 284.059608  44.518139   0.00004600   0.00004400
         Kepler-21_b   2.78575500     2455039.80000000    206.320    0.00006    8.250 287.361725  38.713947   0.00003100   0.00003400
            KELT-3_b   2.70339000     2456023.45900000    189.504    0.00888    9.820 148.643283  40.388028   0.00001000   0.00001000
          HAT-P-46_b   4.46312900     2455701.33646000    185.904    0.00890   11.940 270.444200  -2.970944   0.00004800   0.00004800
       Kepler-1517_b   5.54608367     2454966.50300000    143.574    0.00211   12.230 287.807208  43.188778   0.00000709   0.00000709
          HAT-P-13_b   2.91625000     2454779.92976000    193.680    0.00712   10.622 129.882554  47.352028   0.00001000   0.00001000
        Kepler-448_b  17.85523330     2454979.59599000    406.656    0.00819   11.510 297.453717  41.010833   0.00000090   0.00000090
           KELT-20_b   3.47410850     2457503.12004900    214.531    0.01309    7.580 294.661388  31.219242   0.00000190   0.00000190
         HIP_41378_c  31.69780000     2457163.16590000    398.805    0.00028    8.920 126.616158  10.080369   0.00400000   0.00400000
         Kepler-14_b   6.79012300     2454971.08737000    373.104    0.00324   12.000 287.708792  47.333000   0.00000430   0.00000430
          HAT-P-34_b   5.45265400     2455431.59629000    209.520    0.00642   10.162 303.195354  18.104833   0.00001600   0.00001600
           HATS-29_b   4.60587490     2457031.95618000    192.672    0.01442   12.610 285.096487 -54.893181   0.00000630   0.00000630
          HAT-P-30_b   2.81059500     2455456.46561000    127.728    0.01286   10.419 123.949900   5.836750   0.00000500   0.00000500
         Kepler-37_b  13.36730800     2455017.03271000    182.429    0.00001    9.770 284.059608  44.518139   0.00005800   0.00008500
          WASP-113_b   4.54216875     2457197.09745900    257.904    0.00809   11.771 224.872792  46.960111   0.00000420   0.00000420
           WASP-58_b   5.01718000     2455183.93350000    227.808    0.01450   11.660 274.701046  45.171972   0.00001100   0.00001100
         Kepler-20_c  10.85409200     2454971.60758000    197.143    0.00089   12.510 287.698017  42.338694   0.00001300   0.00001300
            HATS-5_b   4.76338700     2456273.79068000    179.136    0.01158   12.630  67.222792 -21.481917   0.00001000   0.00001000
          HAT-P-31_b   5.00542500     2454320.88660000    308.333    0.00650   11.660 271.537721  26.426639   0.00009100   0.00009200
          HAT-P-57_b   2.46529500     2455113.48127000    209.923    0.00937   10.640 274.743437  10.597222   0.00000320   0.00000320
         WASP-77_A_b   1.36003090     2455870.44977000    129.600    0.01693   10.290  37.155121  -7.060667   0.00000200   0.00000200
            55_Cnc_e   0.73654600     2455568.00500000     98.496    0.00045    5.960 133.150554  28.331389   0.00000300   0.00000300
            WASP-8_b   8.15871500     2454679.33394000    263.808    0.01276    9.789 359.900283 -35.031333   0.00001600   0.00001500
          HAT-P-39_b   3.54387000     2455208.75409000    251.280    0.00986   12.422 113.758246  17.830083   0.00000500   0.00000500
           WASP-26_b   2.75660000     2455123.63790000    141.120    0.01030   11.300   4.602921 -15.267306   0.00001000   0.00001000
           WASP-71_b   2.90367470     2455738.84977000    301.536    0.00444   10.560  29.263367   0.758806   0.00000680   0.00000680
           WASP-82_b   2.70578500     2456157.98980000    299.520    0.00630   10.100  72.660667   1.893917   0.00000200   0.00000200
           HAT-P-9_b   3.92289000     2454417.90770000    205.920    0.01173   12.340 110.168663  37.140583   0.00004000   0.00004000
         Kepler-19_b   9.28699440     2454959.70597000    201.910    0.00057   12.040 290.420842  37.851778   0.00000880   0.00000880
            K2-136_d  25.57506500     2457780.81164000    187.200    0.00040   11.200  67.412474  22.882721   0.00241800   0.00235700
            K2-141_b   0.28032260     2457738.46540000     56.160    0.00044   11.450 350.916546  -1.189292   0.00000130   0.00000130
           WASP-60_b   4.30500110     2455747.02950000    200.160    0.00600   12.180 356.666600  31.155944   0.00000620   0.00000620
          HAT-P-15_b  10.86350200     2454638.56019000    329.040    0.01039   12.159  66.248058  39.460639   0.00002700   0.00002700
         HD_209458_b   3.52474859     2452826.62851400    183.941    0.01461    7.650 330.794808  18.884364   0.00000038   0.00000038
              K2-3_d  44.56310000     2456826.22320000    239.040    0.00061   12.170 172.334950  -1.454786   0.00630000   0.00550000
           WASP-61_b   3.85590000     2455859.52825000    236.448    0.00880   12.490  75.299650 -26.054139   0.00000300   0.00000300
          WASP-124_b   3.37265000     2457028.58340000    154.224    0.01540   12.700 332.714333 -30.749667   0.00001000   0.00001000
           Qatar-3_b   2.50792040     2457302.45300400    186.624    0.00789   12.880 359.152013  36.212992   0.00001000   0.00001000
           WASP-31_b   3.40590900     2455189.28280000    159.408    0.01622   11.700 169.438987 -19.054778   0.00000500   0.00000500
           WASP-36_b   1.53736530     2455569.83731000    108.950    0.01913   12.700 131.580408  -8.026944   0.00000270   0.00000270
           HAT-P-6_b   3.85298500     2454035.67575000    210.384    0.00872   10.440 354.774192  42.465972   0.00000500   0.00000500
           Qatar-1_b   1.42003300     2455518.41020000     96.710    0.02117   12.843 303.381729  65.162078   0.00001600   0.00001600
             K2-66_b   5.06963000     2455817.00920000    282.240    0.00018   12.124 331.526700 -10.711550   0.00081000   0.00081000
        Kepler-462_b  84.68798080     2454983.56900000    601.291    0.00030   11.630 299.821167  43.814278   0.00020680   0.00020680
         KELT-19_A_b   4.61170930     2457281.24953700    263.664    0.00148    9.860 111.509542   7.615782   0.00000880   0.00000880
            K2-139_b  28.38236000     2457325.81714000    293.760    0.00924   11.650 289.066538 -17.910669   0.00026000   0.00026000
          HAT-P-36_b   1.32734700     2455565.18144000    132.912    0.01407   12.262 188.266287  44.915306   0.00000300   0.00000300
           WASP-35_b   3.16157500     2455531.47907000    184.032    0.01540   10.950  76.081775  -6.229806   0.00000200   0.00000200
              XO-1_b   3.94153400     2453808.91700000    176.170    0.01758   11.190 240.549333  28.169556   0.00002700   0.00002700
         Kepler-20_d  77.61184000     2454997.72710000    379.799    0.00071   12.510 287.698017  42.338694   0.00015000   0.00037000
           WASP-65_b   2.31142430     2456110.68772000    164.102    0.01280   11.900 133.324292   8.523028   0.00000150   0.00000150
           WASP-55_b   4.46563300     2455737.93960000    211.680    0.01580   11.750 203.758108 -17.503528   0.00000400   0.00000400
         HD_219134_c   6.76458000     2457474.04591000     99.648    0.00032    5.570 348.311433  57.167639   0.00033000   0.00033000
          HAT-P-56_b   2.79083270     4896553.61645000    136.267    0.01111   10.800 100.848075  27.252336   0.00000470   0.00000470
           HATS-33_b   2.54955510     2456497.23181000    160.560    0.01530   11.910 294.633653 -55.330105   0.00000610   0.00000610
          WASP-126_b   3.28880000     2456890.31910000    204.480    0.00610   10.800  63.373875 -69.226806   0.00001000   0.00001000
            WASP-3_b   1.84683400     2454605.55922000    168.480    0.01028   10.640 278.631771  35.661528   0.00000200   0.00000200
            K2-138_b   2.35322000     2457773.31700000    103.824    0.00028   12.210 348.949035 -10.849694   0.00036000   0.00036000
          HAT-P-23_b   1.21288400     2454852.26464000    130.752    0.01367   11.940 306.123850  16.762139   0.00000200   0.00000200
             K2-21_c  15.50120000     2440000.00000000    137.664    0.00099   12.850 340.303683 -14.488889   0.00093000   0.00099000
         Kepler-68_c   9.60508500     2454969.38050000    155.752    0.00005   10.080 291.032350  49.040250   0.00007200   0.00007200
           WASP-64_b   1.57329180     2455582.60169000    143.986    0.01522   12.290 101.115042 -32.858389   0.00000150   0.00000150
        Kepler-132_e 110.28693740     2455072.21900000    266.515    0.00010   11.920 283.235792  41.343028   0.00087800   0.00087800
           WASP-74_b   2.13775000     2456506.89180000    137.520    0.00961    9.700 304.538833  -1.075722   0.00000100   0.00000100
           WASP-68_b   5.08429800     2456064.86356000    308.160    0.00570   10.700 305.095750 -19.314694   0.00001500   0.00001500
           WASP-39_b   4.05525900     2455342.96880000    168.192    0.02110   12.110 217.326700  -3.444472   0.00000900   0.00000900
         HD_106315_b   9.55385000     2457615.20570000    228.960    0.00029    8.951 183.472485  -0.393487   0.00095000   0.00072000
           WASP-80_b   3.06785040     2456125.41751200    126.720    0.02933   11.700 303.167408  -2.144194   0.00000270   0.00000230
          HAT-P-14_b   4.62766900     2454875.28938000    131.328    0.00648    9.980 260.116142  38.242194   0.00000500   0.00000500
           WASP-66_b   4.08605200     2455929.09615000    270.144    0.00668   11.600 158.225004 -34.989806   0.00000700   0.00000700
         HD_106315_c  21.05800000     2457611.13280000    283.680    0.00103    8.951 183.472485  -0.393487   0.00220000   0.00220000
            WASP-5_b   1.62842290     2454373.99601000    142.272    0.01223   12.300 359.348996 -41.277139   0.00000430   0.00000390
         Kepler-78_b   0.35500744     2454953.95995000     48.840    0.00020   11.720 293.741621  44.448389   0.00000006   0.00000006
           CoRoT-2_b   1.74299350     2454237.53556000    136.022    0.02750   12.570 291.777067   1.383694   0.00000100   0.00000100
          WASP-133_b   2.17642300     2457116.98740000    206.352    0.00740   12.900 314.575375 -35.796556   0.00000100   0.00000100
          HAT-P-66_b   2.97208600     2457258.79907000    281.952    0.00760   12.990 150.572695  53.950889   0.00000570   0.00000570
          HAT-P-20_b   2.87531700     2455080.92661000    110.880    0.01649   11.339 111.916454  24.336472   0.00000400   0.00000400
          WASP-127_b   4.17806200     2457248.74131000    258.480    0.01037   10.150 160.558667  -3.835056   0.00000200   0.00000200
           WASP-47_b   4.15914090     2455764.34630000    215.035    0.01051   11.900 331.203046 -12.018861   0.00000720   0.00000720
             K2-24_b  20.88510000     2456905.79480000    328.320    0.00186   11.280 242.573740 -24.990349   0.00030000   0.00030000
         Kepler-36_b  13.83989000     2454960.97530000    404.400    0.00007   11.940 291.250104  49.231861   0.00082000   0.00060000
          HAT-P-35_b   3.64670600     2455578.66081000    236.160    0.00910   12.460 123.250746   4.787028   0.00002100   0.00002100
           WASP-12_b   1.09142245     2454508.97682000    175.680    0.01380   11.690  97.636642  29.672278   0.00000033   0.00000033
           HATS-27_b   4.63703800     2457029.33740000    289.872    0.00801   12.770 193.552545 -46.587718   0.00001400   0.00001400
            HATS-3_b   3.54785100     2456155.09673400    215.136    0.01022   12.440 312.457500 -24.428806   0.00000500   0.00000500
        Kepler-411_c   7.83442788     2454968.22300000    167.136    0.00162   12.550 287.605583  49.523250   0.00000298   0.00000298
            K2-110_b  13.86375000     2457275.32992000    192.960    0.00111   11.910 207.349541 -12.284478   0.00026000   0.00026000
           HATS-30_b   3.17435160     2456629.76156000    165.024    0.01293   12.205   5.618717 -59.942568   0.00000260   0.00000260
            WASP-4_b   1.33822990     2454387.32778700    127.699    0.02333   12.500 353.562842 -42.061417   0.00000230   0.00000210
          HAT-P-67_b   4.81010250     2455961.38467000    419.328    0.00696   10.110 256.610670  44.776963   0.00000430   0.00000330
            K2-138_e   8.26144000     2457740.64510000    183.744    0.00122   12.210 348.949035 -10.849694   0.00045000   0.00044000
           GJ_9827_c   3.64808300     2457742.19944000    109.584    0.00036   10.100 351.769246  -1.286797   0.00006000   0.00005800
           WASP-54_b   3.69364110     2455518.35087000    268.272    0.00860   10.420 205.454283  -0.128056   0.00000740   0.00000430
           HAT-P-8_b   3.07633700     2454437.67587000    228.528    0.00834   10.360 343.041092  35.447083   0.00000360   0.00000360
           WASP-15_b   3.75210000     2454584.69819000    222.768    0.00969   11.000 208.927938 -32.159611   0.00000900   0.00001100
           WASP-48_b   2.14363400     2455364.55043000    191.088    0.00960   11.660 291.162433  55.473139   0.00000300   0.00000300
           WASP-32_b   2.71866100     2455681.19450000    142.560    0.01080   11.300   3.961858   1.200194   0.00000200   0.00000200
           WASP-56_b   4.61710100     2455730.79900000    213.696    0.01019   11.484 183.366275  23.055639   0.00000400   0.00000200
          HAT-P-42_b   4.64187800     2455952.52603000    242.064    0.00740   12.170 135.344371   6.097226   0.00003200   0.00003200
           WASP-23_b   2.94442560     2455320.12363000    143.654    0.01691   12.680 101.127708 -42.761389   0.00000120   0.00000120
           WASP-52_b   1.74977980     2455793.68143000    108.576    0.02710   12.000 348.494833   8.761278   0.00000120   0.00000120
          WASP-107_b   5.72149000     2456514.41060000    165.168    0.02170   12.000 188.386875 -10.146139   0.00000200   0.00000200
          HD_89345_b  11.81399000     2457913.80316000    361.980    0.00143    9.380 154.671058  10.129131   0.00086000   0.00086000
           WASP-50_b   1.95509590     2455558.61197000    108.346    0.01970   11.600  43.688062 -10.898056   0.00000510   0.00000510
           GJ_3470_b   3.33664900     2456340.72559000    115.056    0.00570   12.330 119.774458  15.391528   0.00000200   0.00000200
           WASP-91_b   2.79858100     2456297.71900000    140.544    0.01500   12.000 357.845375 -70.152833   0.00000300   0.00000300
          HD_17156_b  21.21663000     2454756.73134000    192.600    0.00529    8.170  42.434658  71.753311   0.00045000   0.00045000
            TrES-2_b   2.47063000     2453957.63580000    109.410    0.01570   11.411 286.808479  49.316389   0.00001000   0.00001000
            K2-138_c   3.55987000     2457740.32230000    139.738    0.00071   12.210 348.949035 -10.849694   0.00023000   0.00022000
            WASP-7_b   4.95465800     2453985.01490000    226.512    0.00579    9.540 311.042579 -39.225222   0.00004900   0.00004900
           WASP-41_b   3.05240400     2456014.99360000    158.256    0.01870   11.630 190.618737 -30.639861   0.00000090   0.00000090
           WASP-44_b   2.42380390     2455434.37600000    134.784    0.01588   12.900   3.903208 -11.938139   0.00000870   0.00000870
          WASP-121_b   1.27492550     2456636.34578000    173.232    0.01551   10.440 107.600292 -39.097389   0.00000020   0.00000025
           HATS-26_b   3.30238810     2456867.42320000    312.912    0.00773   12.960 144.926870 -28.585583   0.00000760   0.00000760
            K2-136_b   7.97529200     2457817.75631000    152.640    0.00019   11.200  67.412474  22.882721   0.00083300   0.00077000
         HD_189733_b   2.21857567     2454279.43671400    109.400    0.02412    7.670 300.182146  22.711461   0.00000015   0.00000015
          WASP-153_b   3.33260900     2453142.54200000    230.400    0.00846   12.800 279.262375  40.018722   0.00000200   0.00000200
           WASP-72_b   2.21672600     2455583.65570000    225.360    0.00367   10.880  41.040000 -30.169194   0.00000150   0.00000150
           WASP-47_d   9.03081000     4897006.36927000    262.093    0.00083   11.900 331.203046 -12.018611   0.00019000   0.00019000
          WASP-132_b   7.13352100     2456698.20760000    184.896    0.01460   12.400 217.609125 -46.159167   0.00000900   0.00000900
           WASP-76_b   1.80988600     2456107.85507000    221.616    0.01189    9.500  26.632750   2.700528   0.00000100   0.00000100
           WASP-73_b   4.08722000     2456128.70630000    335.520    0.00330   10.470 319.949625 -58.148889   0.00022000   0.00022000
           WASP-67_b   4.61442000     2455824.37420000    113.760    0.01810   12.540 295.743800 -19.949556   0.00001000   0.00001000
          HAT-P-12_b   3.21305980     2454419.19556000    140.256    0.01977   12.840 209.389500  43.493528   0.00000210   0.00000210
         HIP_41378_b  15.57120000     2457152.28440000    311.200    0.00035    8.920 126.616158  10.080369   0.00120000   0.00120000
           KELT-17_b   3.08017160     2457226.14219400    208.512    0.00907    9.230 125.617520  13.735318   0.00000530   0.00000520
              XO-6_b   3.76500070     2456652.71245000    174.240    0.01210   10.250  94.793292  73.827694   0.00000810   0.00000810
           WASP-29_b   3.92272700     2455320.23410000    159.552    0.01020   11.300 357.879521 -39.906722   0.00000400   0.00000400
            WASP-1_b   2.51994490     2454461.86099000    232.687    0.01055   11.790   5.166987  31.989917   0.00000130   0.00000130
              XO-5_b   4.18775370     2454485.66842000    175.913    0.01026   12.130 116.716496  39.094556   0.00000170   0.00000170
           HAT-P-3_b   2.89970300     2454218.75940000    123.552    0.01230   11.550 206.094083  48.028667   0.00005400   0.00005400
