           CoRoT-1_b   1.50896900 2454159.45320000  139.000    0.025   13.600   102.079875    -3.102161 064819.17 -030607.78
          CoRoT-10_b  13.24060000 2454273.34360000  178.800    0.017   15.220   291.063708    +0.746142 192415.29 +004446.11
          CoRoT-11_b   2.99428500 2454597.67900000  150.054    0.012   12.940   280.687292    +5.937811 184244.95 +055616.12
          CoRoT-12_b   2.82804200 2454398.62707000  154.454    0.019   15.515   100.765667    -1.296422 064303.76 -011747.12
          CoRoT-13_b   4.03519000 2454790.80910000  188.400    0.009   15.039   102.721125    -5.086461 065053.07 -050511.26
          CoRoT-17_b   3.76810000 2454923.30930000  283.000    0.005   15.460   278.699250    -6.612233 183447.82 -063644.04
          CoRoT-18_b   1.90006930 2455321.72412000  143.200    0.021   15.000    98.172333    -0.031586 063241.36 -000153.71
          CoRoT-19_b   3.89713000 2455257.44102000  282.000    0.008   14.000    97.033500    -0.170667 062808.04 -001014.4
           CoRoT-2_b   1.74299350 2454237.53556000  136.800    0.032   12.570   291.777167    +1.383806 192706.52 +012301.7
          CoRoT-20_b   9.24285000 2455266.00010000  133.500    0.010   14.660    97.720417    +0.226917 063052.90 +001336.9
           CoRoT-3_b   4.25680000 2454283.13830000  215.000    0.005   13.300   292.055417    +0.121719 192813.30 +000718.19
           CoRoT-4_b   9.20205000 2454141.36416000  265.000    0.013   13.700   102.194458    -0.672833 064846.67 -004022.2
           CoRoT-5_b   4.03789620 2454400.19885000  168.000    0.014   14.000   101.279167    +0.815278 064507 +004855
           CoRoT-6_b   8.88659300 2454595.61440000  245.000    0.015   13.900   281.072583    +6.663319 184417.42 +063947.95
           CoRoT-8_b   6.21272000 2454238.97430000  164.400    0.007   14.800   291.588521    +1.426542 192621.245 +012535.55
           CoRoT-9_b  95.27380000 2454603.34470000  485.000    0.017   13.700   280.786708    +6.204219 184308.81 +061215.19
    EPIC_218916923_b  28.38229000 2457325.81705000  297.960    0.010   11.650   289.066500   -17.910689 191615.96 -175438.48
    EPIC_228735255_b   6.56930000 2457588.28380000  273.600    0.014   12.624   188.137333    -9.607639 123232.96 -093627.5
    EPIC-203771098_b  20.88510000 2456905.79480000  328.800    0.002   11.280   242.573708   -24.990331 161017.69 -245925.19
    EPIC-203771098_c  42.36330000 2456915.62510000  388.200    0.004   11.280   242.573708   -24.990331 161017.69 -245925.19
    EPIC-210957318_b   4.09850700 2457063.80710000  141.300    0.018   13.530    52.341958   +22.299417 032922.07 +221757.9
    EPIC-211089792_b   3.25883210 2453219.00950000  133.200    0.021   12.526    62.670646   +24.402042 041040.955 +242407.35
    EPIC-212110888_b   2.99560700 2457141.35132000  149.500    0.009   11.548   127.578792   +22.235917 083018.91 +221409.3
            GJ1214_b   1.58040482 2454980.74879500   52.730    0.017   14.670   258.828917    +4.963806 171518.94 +045749.7
            GJ3470_b   3.33665000 2456090.47701000   96.912    0.006   12.270   119.775000   +15.391667 075906 +152330
             GJ436_b   2.64390100 2454222.61570000   62.000    0.009   10.680   175.541708   +26.710278 114210.01 +264237
           HAT-P-1_b   4.46529000 2453984.39700000  159.800    0.017   10.400   344.445833   +38.675000 225747 +384030
  HAT-P-10_WASP-11_b   3.72246900 2454729.90631000  159.000    0.025   11.890    47.368917   +30.673889 030928.54 +304026.0
          HAT-P-11_b   4.88780450 2454605.89132000  138.000    0.004    9.590   297.708917   +48.080306 195050.14 +480449.1
          HAT-P-12_b   3.21305980 2454419.19556000  140.300    0.020   12.800   209.390350   +43.493708 135733.684 +432937.35
          HAT-P-13_b   2.91624300 2455176.53880000  193.700    0.006   10.620   129.882667   +47.352119 083931.84 +472107.63
          HAT-P-14_b   4.62766900 2454875.28938000  131.400    0.005    9.900   260.116167   +38.242333 172027.88 +381432.4
          HAT-P-15_b  10.86350200 2454638.56019000  329.000    0.011   12.160    66.248125   +39.460603 042459.55 +392738.17
          HAT-P-16_b   2.77596000 2455027.59293000  184.000    0.010   10.800     9.573292   +42.463111 003817.59 +422747.2
          HAT-P-17_b  10.33852300 2454801.16945000  243.500    0.015   10.540   324.536958   +30.489500 213808.87 +302922.2
          HAT-P-18_b   5.50802300 2454715.02174000  162.900    0.018   12.759   256.346375   +33.013000 170523.13 +330046.8
          HAT-P-19_b   4.00877800 2455091.53417000  170.200    0.021   12.901     9.516958   +34.711722 003804.07 +344242.2
           HAT-P-2_b   5.63349500 2454212.85640000  254.900    0.005    8.700   245.151542   +41.048167 162036.37 +410253.4
          HAT-P-20_b   2.87531700 2455080.92661000  110.880    0.020   11.340   111.916208   +24.337417 072739.89 +242014.7
          HAT-P-21_b   4.12448100 2454996.41312000  220.300    0.009   11.690   171.274875   +41.027889 112505.97 +410140.4
          HAT-P-22_b   3.21222000 2454930.22001000  172.200    0.012    9.730   155.682208   +50.128083 102243.73 +500741.1
          HAT-P-23_b   1.21288400 2454852.26464000  130.750    0.008   12.430   306.123875   +16.762306 202429.73 +164544.3
          HAT-P-24_b   3.35524640 2455216.97669000  219.180    0.009   11.818   108.825000   +14.262528 071518.00 +141545.1
          HAT-P-25_b   3.65283600 2455176.85173000  169.000    0.020   13.190    48.435333   +25.197556 031344.48 +251151.2
          HAT-P-26_b   4.23451500 2455304.65122000  147.300    0.006   11.740   213.156125    +4.060806 141237.47 +040338.9
  HAT-P-27_WASP-40_b   3.03958600 2455186.01879000  101.500    0.014   12.214   222.767750    +5.947444 145104.26 +055650.8
          HAT-P-28_b   3.25721500 2455417.59832000  193.100    0.016   13.030    13.001125   +34.728583 005200.27 +344342.9
          HAT-P-29_b   5.72318600 2455197.57540000  202.600    0.009   11.900    33.131000   +51.778472 021231.44 +514642.5
           HAT-P-3_b   2.89973600 2454856.70118000  124.500    0.015   11.860   206.095833   +48.028611 134423 +480143
  HAT-P-30_WASP-51_b   2.81059500 2455456.46561000  127.700    0.012   10.419   123.950042    +5.836694 081548.01 +055012.1
          HAT-P-31_b   5.00542500 2454320.88660000  308.000    0.011   11.660   271.538167   +26.426639 180609.16 +262535.9
          HAT-P-32_b   2.15000800 2454420.44637000  186.500    0.024   11.290    31.042667   +46.688000 020410.24 +464116.8
          HAT-P-33_b   3.47447400 2455110.92595000  265.000    0.010   11.190   113.184333   +33.834889 073244.24 +335005.6
          HAT-P-34_b   5.45265400 2455431.59629000  209.500    0.008   10.160   303.195000   +18.104861 201246.80 +180617.5
          HAT-P-35_b   3.64670600 2455578.66081000  236.200    0.009   12.460   123.250708    +4.787250 081300.17 +044714.1
          HAT-P-36_b   1.32734700 2455565.18144000  132.900    0.020   12.262   188.266500   +44.915361 123303.96 +445455.3
          HAT-P-37_b   2.79743600 2455642.14318000  139.800    0.020   13.230   284.296500   +51.269139 185711.16 +511608.9
          HAT-P-38_b   4.64038200 2455863.11957000  182.450    0.010   12.560    35.383042   +32.246417 022131.93 +321447.1
           HAT-P-4_b   3.05653600 2454245.81540000  253.000    0.008   11.200   229.991333   +36.229639 151957.92 +361346.7
          HAT-P-41_b   2.69404700 2454983.86167000  245.380    0.011   11.087   297.322500    +4.672417 194917.40 +044020.7
          HAT-P-44_b   4.30121700 2455352.83957000  187.630    0.019   13.210   213.144000   +47.014694 141234.56 +470052.9
          HAT-P-45_b   3.12899200 2455729.98612000  206.780    0.013   12.794   274.372500    -3.381028 181729.40 -032251.7
          HAT-P-46_b   4.46312900 2455701.33646000  185.900    0.010   11.936   270.444000    -2.970944 180146.56 -025815.4
          HAT-P-49_b   2.69154800 2456399.62406000  246.530    0.007   10.326   305.442000   +26.692639 202146.08 +264133.5
           HAT-P-5_b   2.78847400 2454241.77663000  175.000    0.014   12.000   274.405417   +36.621278 181737.30 +363716.6
          HAT-P-50_b   3.12201090 2456285.90993000  220.460    0.006   11.762   118.063333   +12.139417 075215.2 +120821.9
          HAT-P-51_b   4.21802780 2456194.12204000  202.030    0.018   13.440    21.064442   +32.810778 012415.466 +324838.8
          HAT-P-52_b   2.75359530 2455852.10326000  144.430    0.015   14.068    42.721667   +29.022389 025053.20 +290120.6
          HAT-P-53_b   1.96162410 2455829.44781000  128.070    0.013   13.730    21.872917   +38.968139 012729.5 +385805.3
          HAT-P-54_b   3.79984700 2456299.30370000  107.830    0.026   13.505    99.898042   +25.482528 063935.53 +252857.1
          HAT-P-55_b   3.58524670 2456730.83468000  176.100    0.016   13.207   264.272917   +25.731194 173705.5 +254352.3
          HAT-P-56_b   2.79083270 2456553.61645000  136.300    0.012   10.908   100.847917   +27.252278 064323.5 +271508.2
          HAT-P-57_b   2.46529500 2455113.48127000  209.900    0.010   10.465   274.743000   +10.597306 181858.32 +103550.3
           HAT-P-6_b   3.85298500 2454035.67575000  202.800    0.009   10.500   354.774375   +42.465972 233905.85 +422757.5
          HAT-P-65_b   2.60545520 2456409.33263000  261.900    0.012   13.145   315.906000   +11.989417 210337.44 +115921.9
          HAT-P-66_b   2.97208600 2457258.79907000  281.900    0.008   12.993   150.573000   +53.950861 100217.52 +535703.1
          HAT-P-67_b   4.81010250 2455961.38467000  419.300    0.008   10.065   256.610708   +44.776886 170626.57 +444636.79
           HAT-P-7_b   2.20472990 2453790.25930000  243.000    0.007   10.500   292.247375   +47.969583 192859.37 +475810.5
           HAT-P-8_b   3.07633900 2454437.67582000  216.000    0.007   10.170   343.041042   +35.447083 225209.85 +352649.5
           HAT-P-9_b   3.92281400 2454417.90770000  206.000    0.013   12.300   110.168542   +37.140667 072040.45 +370826.4
            HATS-1_b   3.44645900 2455241.28722000  145.000    0.016   12.053   175.525500   -23.354833 114206.12 -232117.4
           HATS-11_b   3.61916130 2456574.96570000  261.900    0.013   14.018   289.401000   -22.389917 191736.24 -222323.7
           HATS-12_b   3.14283300 2456798.95560000  273.500    0.004   12.756   289.203000   -19.355889 191648.72 -192121.2
           HATS-18_b   0.83784340 2457089.90598000  113.600    0.019   14.067   173.957917   -29.156000 113549.9 -290921.6
           HATS-19_b   4.56967300 2456660.03375000  239.900    0.010   13.030   147.406792   -33.218500 094937.63 -331306.6
           HATS-20_b   3.79929690 2457121.16516000  147.200    0.009   13.765   198.133500   -45.590556 131232.04 -453526.0
           HATS-21_b   3.55439730 2457109.22538000  118.700    0.014   12.191   280.185000   -58.459250 184044.4 -582733.3
           HATS-22_b   4.72281240 2457078.58030000  131.500    0.021   13.455   174.008750   -29.543306 113602.1 -293235.9
           HATS-23_b   2.16051560 2457072.85266000  108.300    0.027   13.901   286.366500   -50.067361 190527.96 -500402.5
           HATS-24_b   1.34849540 2457038.47327000  145.200    0.018   12.830   268.890000   -61.747306 175533.60 -614450.3
           HATS-25_b   4.29864320 2456870.36872000  192.240    0.015   13.097   207.907500   -23.781167 135137.8 -234652.2
           HATS-26_b   3.30238810 2456867.42320000  312.912    0.008   12.955   144.926667   -28.585583 093942.4 -283508.1
           HATS-27_b   4.63703800 2457029.33740000  289.872    0.009   12.766   193.552500   -46.587722 125412.6 -463515.8
           HATS-28_b   3.18107810 2457034.28300000  141.264    0.019   13.934   284.400000   -49.138472 185736.0 -490818.5
           HATS-29_b   4.60587490 2457031.95618000  192.672    0.015   12.612   285.095833   -54.893194 190023.0 -545335.5
           HATS-30_b   3.17435160 2456629.76156000  165.024    0.014   12.192     5.618750   -59.942556 002228.5 -595633.2
           HATS-31_b   3.37796000 2456960.14760000  275.600    0.009   13.105   191.703000   -24.427361 124648.72 -242538.5
           HATS-32_b   2.81265480 2456454.62520000  171.200    0.015   14.384   346.075500   -21.271944 230418.12 -211619.0
           HATS-33_b   2.54955510 2456497.23181000  160.600    0.017   11.911   294.633000   -55.330111 193831.92 -551948.4
           HATS-34_b   2.10616070 2456634.85732000   93.300    0.024   13.849     0.774500   -62.469333 000305.88 -622809.6
           HATS-35_b   1.82099930 2456981.80199000  187.100    0.012   12.560   296.688000   -63.565611 194645.12 -633356.2
           HATS-36_b   4.17523790 2457289.41121000  205.900    0.013   14.386   291.478500   -23.202778 192554.84 -231210.0
           HATS-39_b   4.57763480 2457315.28338000  223.900    0.011   12.746   112.419292   -29.937889 072940.63 -295616.4
           HATS-40_b   3.26427360 2456962.67600000  319.800    0.005   13.377   100.571250   -29.776806 064217.1 -294636.5
           HATS-41_b   4.19364900 2456795.72400000  131.800    0.007   12.681   103.517417   -27.050389 065404.18 -270301.4
           HATS-43_b   4.38884970 2457636.08946000  179.300    0.024   13.593    80.538167   -30.970833 052209.16 -305815.0
           HATS-44_b   2.74390040 2456931.11384000   99.100    0.018   14.428    84.326708   -27.972611 053718.41 -275821.4
           HATS-45_b   4.18762440 2456731.19533000  182.700    0.011   13.307   101.994292   -21.910694 064758.63 -215438.5
           HATS-46_b   4.74237290 2457376.68539000  146.000    0.013   13.634     6.702417   -56.316111 002648.58 -561858.0
            HATS-5_b   4.76338700 2456273.79068000  179.140    0.013   12.630    67.222792   -21.481917 042853.47 -212854.9
           HATS-50_b   3.82970150 2456870.34792000  184.800    0.012   14.033   300.427500   -26.077583 200142.60 -260439.3
           HATS-51_b   3.34887020 2457042.00405000  199.300    0.011   12.471   102.847500   -29.058611 065123.40 -290331.0
           HATS-52_b   1.36665436 2456929.03039000  125.400    0.020   13.669   140.087708   -31.269333 092021.05 -311609.6
           HATS-53_b   3.85377680 2457236.75653000  210.400    0.017   13.790   176.628000   -33.860056 114630.72 -335136.2
            HATS-6_b   3.32527250 2456643.74058000  122.460    0.034   15.160    88.146750   -19.031667 055235.22 -190154.0
          HATS-P-7_b   3.18531500 2456528.29697000  137.950    0.005   13.340   208.857000   -21.207694 135525.68 -211227.7
          HD149026_b   2.87589110 2454456.78761000  194.400    0.003    8.150   247.620833   +38.347222 163029 +382050
           HD17156_b  21.21639790 2454884.02817000  188.610    0.008    8.170    42.433333   +71.753333 024944 +714512
          HD189733_b   2.21857330 2453988.80336000  109.600    0.028    7.670   300.182138   +22.710853 200043.713 +224239.07
          HD209458_b   3.52474859 2452826.62852100  184.200    0.016    7.650   330.791667   +18.884444 220310 +185304
           HD80606_b 111.43670000 2454876.30750000  712.800    0.011    9.060   140.656333   +50.603694 092237.52 +503613.3
           HD97658_b   9.49570000 2455650.68100000  200.000    0.002    7.760   168.638792   +25.710139 111433.31 +254236.5
            K2-114_b  11.39109000 2457174.49729000  234.300    0.014   14.556   127.882963   +11.922264 083131.911 +115520.15
            K2-115_b  20.27303400 2457157.15701000  241.800    0.017   13.362   126.553446   +12.281936 082612.827 +121654.97
             K2-30_b   4.09850300 2457063.80714000  139.200    0.017   13.530    52.341958   +22.299417 032922.07 +221757.9
             K2-34_b   2.99560700 2457141.35132000  149.500    0.009   11.548   127.578792   +22.235917 083018.91 +221409.3
            KELT-1_b   1.21751400 2455909.29279700  153.245    0.007   10.700     0.362167   +39.383806 000126.92 +392301.7
           KELT-10_b   4.16627390 2457066.72045000  224.000    0.015   10.854   284.548333   -47.003250 185811.6 -470011.7
           KELT-11_b   4.73652900 2457024.01760000  439.300    0.003    8.130   161.707250    -9.399022 104649.74 -092356.48
           KELT-15_b   3.32944100 2457029.16630000  247.500    0.011   11.440   117.415000   -52.120444 074939.6 -520713.6
           KELT-16_b   0.96899510 2457165.85179000  149.300    0.012   11.720   314.268333   +31.661000 205704.4 +313939.6
           KELT-17_b   3.08017180 2457226.14219400  208.500    0.010    9.286   125.617542   +13.735333 082228.21 +134407.2
           KELT-2A_b   4.11379120 2455974.60361000  305.280    0.005    8.770    92.663958   +30.957139 061039.35 +305725.7
            KELT-3_b   2.70348000 2456023.45900000  197.000    0.010    9.800   148.643296   +40.388050 095434.391 +402316.98
           KELT-4A_b   2.98959360 2456193.29150000  207.760    0.013    9.980   157.062546   +25.573186 102815.011 +253423.47
            KELT-6_b   7.84563140 2456347.79679300  331.200    0.006   10.337   195.981667   +30.640167 130355.6 +303824.6
            KELT-7_b   2.73477850 2456355.22980900  210.670    0.009    8.540    78.295417   +33.318167 051310.9 +331905.4
            KELT-8_b   3.24406000 2456883.48030000  207.900    0.013   10.833   283.305417   +24.127389 185313.3 +240738.6
            KELT-9_b   1.48112350 2457095.68572000  234.950    0.007    7.550   307.859792   +39.938825 203126.35 +395619.77
          KOI_0135_b   3.02409500 2454965.41590000  175.600    0.008   13.958   285.240917   +46.668300 190057.82 +464005.88
          KOI_0196_b   1.85555800 2454970.18030000  142.500    0.011   14.465   294.512500   +45.981600 193803 +455853.76
          KOI_0204_b   3.24674000 2454966.37810000  193.080    0.007   14.678   300.102292   +45.762100 200024.55 +454543.56
          KOI_0428_b   6.87349000 2455005.51980000  411.600    0.004   14.300   296.813708   +47.526611 194715.29 +473135.8
         Kepler-10_c  45.29485000 2454971.67610000  412.000    0.001   10.960   285.679167   +50.241389 190243 +501429
         Kepler-11_c  13.02502000 2454971.17480000  277.200    0.001   13.700   297.116667   +41.909167 194828 +415433
         Kepler-11_d  22.68719000 2454981.45500000  334.800    0.001   13.700   297.116667   +41.909167 194828 +415433
         Kepler-11_e  31.99590000 2454987.15900000  259.800    0.002   13.700   297.116667   +41.909167 194828 +415433
         Kepler-11_f  46.68876000 2454964.64870000  392.400    0.001   13.700   297.116667   +41.909167 194828 +415433
         Kepler-11_g 118.37774000 2455120.29010000  576.000    0.001   13.700   297.116667   +41.909167 194828 +415433
         Kepler-12_b   4.43796370 2455004.00830000  282.000    0.017   13.438   286.241667   +50.040278 190458 +500225
         Kepler-14_b   6.79012300 2454971.08737000  373.000    0.002   12.200   287.708833   +47.333050 191050.12 +471958.98
         Kepler-15_b   4.94278200 2454969.32865000  210.132    0.011   13.758   296.200000   +49.140000 194448 +490824
        Kepler-16A_b 228.77600000 2455425.20000000  415.000    0.019   11.700   289.075708   +51.757444 191618.17 +514526.8
        Kepler-16B_b 228.77600000 2454981.60000000   95.000    0.001   11.700   289.075708   +51.757444 191618.17 +514526.8
         Kepler-17_b   1.48571080 2455185.67803000  136.600    0.021   14.141   298.395250   +47.815000 195334.86 +474854.0
         Kepler-18_c   7.64159000 2455167.08830000  209.000    0.002   13.549   298.079167   +44.746111 195219 +444446
         Kepler-18_d  14.85888000 2455169.17760000  221.000    0.003   13.549   298.079167   +44.746111 195219 +444446
         Kepler-19_b   9.28699440 2454959.70597000  201.910    0.001   11.898   290.420833   +37.851667 192141 +375106
         Kepler-20_c  10.85409200 2454971.60758000  252.000    0.001   12.500   287.700000   +42.338611 191048 +422019
         Kepler-20_d  77.61184000 2454997.72710000  450.000    0.001   12.500   287.700000   +42.338611 191048 +422019
          Kepler-4_b   3.21346000 2454956.61270000  255.000    0.001   12.600   285.615417   +50.135750 190227.7 +50088.7
        Kepler-448_b  17.85523320 2454979.59601000  406.960    0.009   11.336   297.453750   +41.011000 194948.9 +410039.6
          Kepler-5_b   3.54846000 2454955.90122000  275.000    0.008   13.900   299.407083   +44.035056 195737.7 +44026.2
          Kepler-6_b   3.23472300 2454954.48636000  240.000    0.011   13.800   296.837083   +48.239944 194720.9 +481423.8
          Kepler-7_b   4.88552500 2454967.27571000  324.000    0.008   13.900   288.581667   +41.089806 191419.6 +410523.3
          Kepler-8_b   3.52226500 2454953.61850000  220.000    0.010   13.300   281.287917   +42.451056 184509.1 +422703.8
          Kepler-9_b  19.24315900 2455073.43381000  230.500    0.007   13.700   285.574000   +38.400889 190217.76 +382403.2
          Kepler-9_c  38.90861000 2455164.18301000  247.500    0.007   13.700   285.574000   +38.400889 190217.76 +382403.2
         LUPUS-TR3_b   3.91405000 2453887.08180000  150.000    0.015   17.000   232.577917   -42.978194 153018.7 -425841.5
         Mascara-1_b   2.14878000 2457097.27800000  249.000    0.007    8.300   317.551542   +10.738861 211012.37 +104419.9
         Mascara-2_b   3.47413500 2457058.42760000  232.800    0.014    7.600   294.661375   +31.219222 193838.73 +311309.2
        OGLE-TR-10_b   3.10129000 2453890.67800000  160.800    0.011   14.930   267.866667   -29.876111 175128 -295234
       OGLE-TR-111_b   4.01444790 2453799.75160000  164.600    0.017   15.550   163.324625   -61.405639 105317.91 -612420.3
       OGLE-TR-113_b   1.43247570 2452325.79823000  112.000    0.025   14.420   163.100000   -61.446667 105224 -612648
       OGLE-TR-132_b   1.68986800 2453142.59120000  146.000    0.009   15.720   162.644667   -61.957194 105034.72 -615725.9
       OGLE-TR-182_b   3.97910000 2454270.57200000  240.000    0.012   15.860   167.328500   -61.095222 110918.84 -610542.8
       OGLE-TR-211_b   3.67720000 2453406.27100000  222.000    0.008   14.300   160.060458   -62.455500 104014.51 -622719.8
        OGLE-TR-56_b   1.21190900 2453936.59800000  108.200    0.009   16.600   269.147958   -29.539222 175635.51 -293221.2
        OGLE-TR-L9_b   2.48553417 2454492.80008000  148.000    0.012   14.000   166.980375   -61.146194 110755.29 -610846.3
           Qatar-1_b   1.42002460 2455518.41020000   96.700    0.020   12.840   303.383333   +65.161944 201332 +650943
           Qatar-2_b   1.33711820 2455624.26679000  108.600    0.037   13.300   207.655875    -6.804000 135037.41 -064814.4
           Qatar-3_b   2.50792040 2457302.45300000  186.600    0.083   12.880   359.152000   +36.212944 235636.48 +361246.6
           Qatar-4_b   1.80539490 2457323.65441000  128.000    0.021   13.600     4.859250   +44.027611 001926.22 +440139.4
           Qatar-5_b   2.87923190 2457336.75824200  174.500    0.012   12.620     7.053917   +42.061361 002812.94 +420340.9
            TrES-1_b   3.03007000 2453898.87342000  149.800    0.021   11.790   286.041017   +36.632650 190409.844 +363757.54
            TrES-2_b   2.47061322 2453957.63580000   90.000    0.017   11.410   286.808333   +49.316389 190714 +491859
            TrES-3_b   1.30618608 2454538.58069000   77.400    0.029   12.400   268.029167   +37.546111 175207 +373246
            TrES-4_b   3.55392680 2454230.90524000  214.200    0.011   11.300   268.304375   +37.211889 175313.05 +371242.8
            TrES-5_b   1.48224460 2455443.25153000  111.312    0.021   13.700   305.220833   +59.448611 202053 +592655
            WASP-1_b   2.51994500 2454013.31270000  226.400    0.017   11.790     5.166667   +31.990000 002040 +315924
           WASP-10_b   3.09272700 2454357.85803000  127.800    0.039   12.700   348.992625   +31.463083 231558.23 +312747.1
          WASP-100_b   2.84937500 2456272.33950000  230.400    0.008   10.800    68.959667   -64.027028 043550.32 -640137.3
          WASP-101_b   3.58572200 2456164.69340000  162.720    0.014   10.300    98.351083   -23.486167 063324.26 -232910.2
          WASP-102_b   2.70981300 2456510.58720000  210.100    0.010   12.730   336.464167   +15.856750 222551.4 +155124.3
          WASP-103_b   0.92554200 2456459.59957000  155.580    0.013   12.100   249.314875    +7.183353 163715.57 +071100.07
          WASP-104_b   1.75541370 2456406.11126000  105.720    0.016   11.120   160.602542    +7.435083 104224.61 +072606.3
          WASP-105_b   7.87288000 2456600.07650000  223.200    0.013   12.100    24.167625   -50.659028 013640.23 -503932.5
          WASP-106_b   9.28971500 2456649.54972000  321.780    0.007   11.210   166.429708    -5.079417 110543.13 -050445.9
          WASP-107_b   5.72149000 2456514.41060000  165.160    0.023   11.600   188.386833   -10.146139 123332.84 -100846.1
          WASP-108_b   2.67554630 2456413.79019000  190.310    0.013   11.200   195.828042   -49.639667 130318.73 -493822.8
          WASP-109_b   3.31902330 2456361.19263000  170.730    0.013   10.700   232.055125   -16.410778 152813.23 -162438.8
          WASP-110_b   3.77839770 2456502.72413000  167.880    0.022   12.300   305.873125   -44.058417 202329.55 -440330.3
          WASP-111_b   2.31096500 2456275.75127000  197.710    0.007   10.300   328.767625   -22.612556 215504.23 -223645.2
          WASP-112_b   3.03539920 2456505.48734000  172.610    0.016   13.300   339.489292   -35.153861 223757.43 -350913.9
          WASP-113_b   4.54216875 2457197.09745900  257.900    0.009   11.771   224.872875   +46.960111 145929.49 +465736.4
          WASP-114_b   1.54877430 2456667.73582000  166.900    0.010   12.743   327.665583   +10.463028 215039.74 +102746.9
          WASP-117_b  10.02165000 2456533.82326000  356.400    0.009   10.150    36.778750   -50.284528 022706.9 -501704.3
          WASP-118_b   4.04604350 2456787.81423000  288.300    0.008   11.020    19.550500    +2.702833 011812.12 +024210.2
          WASP-119_b   2.49979000 2456537.54700000  181.440    0.014   12.200    55.933167   -65.193833 034343.96 -651137.8
           WASP-12_b   1.09142220 2454508.97605000  180.060    0.015   11.690    97.636625   +29.672333 063032.79 +294020.4
          WASP-120_b   3.61127060 2456779.43520000  213.000    0.006   11.000    62.616042   -45.898194 041027.85 -455353.5
          WASP-121_b   1.27492550 2456635.70832000  173.230    0.017   10.440   107.600000   -39.097389 071024.0 -390550.6
          WASP-122_b   1.71005670 2456665.22403000  131.000    0.015   11.000   108.301250   -42.409750 071312.3 -422435.1
          WASP-123_b   2.97764100 2456845.17081000  185.470    0.012   11.100   289.479333   -32.859944 191755.04 -325135.8
          WASP-124_b   3.37265000 2457028.58340000  154.200    0.017   12.700   332.714292   -30.749528 221051.43 -304458.3
          WASP-126_b   3.28880000 2456890.31910000  204.480    0.007   10.800    63.373958   -69.226833 041329.75 -691336.6
          WASP-127_b   4.17806200 2457248.74131000  258.500    0.011   10.150   160.558667    -3.835083 104214.08 -035006.3
          WASP-129_b   5.74814500 2457027.43730000  161.140    0.012   12.300   176.298958   -42.063972 114511.75 -420350.3
           WASP-13_b   4.35298000 2454491.61610000  233.000    0.009   10.510   140.102958   +33.882500 092024.71 +335257.0
          WASP-130_b  11.55098000 2456921.14307000  223.200    0.010   11.100   203.105958   -42.475250 133225.43 -422830.9
          WASP-131_b   5.32202300 2456919.82360000  229.800    0.007   11.400   210.193542   -30.583556 140046.45 -303500.8
          WASP-132_b   7.13352100 2456698.20760000  184.900    0.016   12.400   217.609125   -46.159167 143026.19 -460933.0
          WASP-133_b   2.17642300 2457116.98740000  206.350    0.008   12.900   314.575292   -35.796556 205818.07 -354747.6
          WASP-136_b   5.21535700 2456776.90615000  327.200    0.004    9.980     0.325708    -8.926278 000118.17 -085534.6
          WASP-138_b   3.63443300 2457326.62183000  226.400    0.007   11.810    41.639042    -0.463889 024633.37 -002750.0
          WASP-139_b   5.92426200 2457196.79330000  169.900    0.012   12.400    49.562208   -41.302139 031814.93 -411807.7
           WASP-14_b   2.24376500 2454463.57583000  167.000    0.011    9.750   218.276458   +21.894717 143306.35 +215340.98
          WASP-140_b   2.23598350 2456912.35105000   90.900    0.021   11.100    60.385583   -20.451083 040132.54 -202703.9
          WASP-141_b   3.31065100 2457019.59530000  216.000    0.009   12.400    60.385583   -20.451083 040132.54 -202703.9
          WASP-142_b   2.05286800 2457007.77790000  160.850    0.010   12.300   140.506375   -23.946167 092201.53 -235646.2
           WASP-15_b   3.75206560 2454584.69823000  222.900    0.011   11.000   208.927958   -32.159611 135542.71 -320934.6
          WASP-151_b   4.53347100 2457741.00810000  219.600    0.011   12.900   349.063417    +0.306806 231615.22 +001824.5
          WASP-153_b   3.33260900 2453142.54200000  230.400    0.009   12.800   279.262375   +40.018722 183702.97 +400107.4
          WASP-156_b   3.83616900 2454677.70700000  144.600    0.005   11.600    32.781708    +2.418000 021107.61 +022504.8
          WASP-157_b   3.95162050 2457257.80319400  116.800    0.010   12.910   201.655167    -8.317556 132637.24 -081903.2
           WASP-16_b   3.11860090 2454584.42878000  115.200    0.012   11.300   214.682958   -20.275472 141843.91 -201631.7
          WASP-167_b   2.02195910 2456592.46350000  163.150    0.010   10.500   196.043875   -35.549522 130410.53 -353258.28
           WASP-17_b   3.73543300 2454559.18100000  262.800    0.019   11.600   239.962000   -28.061500 155950.88 -280341.4
           WASP-18_b   0.94145299 2454221.48163000  128.600    0.011    9.290    24.353958   -45.678000 013724.95 -454040.8
           WASP-19_b   0.78883990 2454775.33720000   92.400    0.021   12.300   148.416988   -45.659183 095340.077 -453933.06
            WASP-2_b   2.15222144 2453991.51460000  107.900    0.022   11.980   307.725000    +6.429444 203054 +062546
           WASP-20_b   4.89962850 2455715.65562000  203.900    0.013   10.680     5.160542   -23.935722 002038.53 -235608.6
           WASP-21_b   4.32254100 2454743.04185000  201.600    0.013   11.600   347.492625   +18.396111 230958.23 +182346.0
           WASP-22_b   3.53269000 2454780.24960000  197.300    0.011   12.000    52.817917   -23.819444 033116.3 -234910.0
           WASP-23_b   2.94442560 2455320.12363000  143.700    0.021   12.680   101.127083   -42.761444 064430.50 -424541.2
           WASP-24_b   2.34120830 2455062.64955000  155.500    0.012   11.300   227.215500    +2.343361 150851.72 +022036.1
           WASP-25_b   3.76483000 2455259.93733000  168.500    0.020   11.880   195.360250   -27.521917 130126.46 -273118.9
           WASP-26_b   2.75660000 2455123.63790000  141.000    0.011   11.300     4.602917   -15.267306 001824.7 -151602.3
           WASP-28_b   3.40883000 2455290.40519000  194.260    0.014   12.030   353.616125    -1.580056 233427.87 -013448.2
           WASP-29_b   3.92273200 2454249.33050000  157.000    0.011   11.300   357.879500   -39.906722 235131.08 -395424.2
            WASP-3_b   1.84683500 2454143.85040000  137.000    0.012   10.640   278.631958   +35.661639 183431.67 +353941.9
           WASP-31_b   3.40590900 2455189.28280000  159.000    0.017   11.700   169.438958   -19.054806 111745.35 -190317.3
           WASP-32_b   2.71865900 2455151.05460000  145.000    0.013   11.300     3.961708    +1.200556 001550.81 +011202.0
           WASP-33_b   1.21986690 2454163.22373000  163.000    0.015    8.300    36.712833   +37.550694 022651.08 +373302.5
           WASP-34_b   4.31767820 2454647.55358000  126.140    0.012   10.400   165.399542   -23.860667 110135.89 -235138.4
           WASP-35_b   3.16157500 2455531.47907000  184.000    0.019   10.950    76.081500    -6.229778 050419.56 -061347.2
           WASP-36_b   1.53736530 2455569.83731000  108.950    0.021   12.700   131.580417    -8.026861 084619.30 -080136.7
           WASP-37_b   3.57747100 2455338.61890000  188.200    0.019   12.700   221.944250    +1.064833 144746.62 +010353.4
           WASP-38_b   6.87181500 2455335.92050000  279.800    0.011    9.400   243.959917   +10.032694 161550.38 +100157.70
           WASP-39_b   4.05525900 2455342.96880000  168.200    0.021   12.100   217.326792    -3.444500 142918.43 -032640.20
            WASP-4_b   1.33823214 2454697.79756200  129.960    0.019   12.500   353.562750   -42.061417 233415.06 -420341.1
           WASP-41_b   3.05239400 2455343.46200000  154.080    0.021   11.600   190.618708   -30.639667 124228.49 -303822.8
           WASP-42_b   4.98168770 2455658.03977000  173.400    0.018   12.570   192.981750   -42.073667 125155.62 -420425.2
           WASP-43_b   0.81347500 2455528.86774000   69.500    0.029   12.400   154.908375    -9.806083 101938.01 -094821.9
           WASP-44_b   2.42380390 2455434.37600000  134.800    0.018   12.900     3.903167   -11.938167 001536.76 -115617.4
           WASP-45_b   3.12608760 2455441.26925000  107.400    0.012   12.000     5.237458   -35.998278 002056.99 -355953.8
           WASP-46_b   1.43037000 2455392.31553000  100.400    0.020   12.900   318.736917   -55.871694 211456.86 -555218.1
           WASP-47_b   4.15913990 2455764.34602000  215.040    0.011   11.900   331.203000   -12.018833 220448.72 -120107.8
           WASP-48_b   2.14363400 2455364.55043000  191.080    0.011   11.660   291.162375   +55.473278 192438.97 +552823.8
           WASP-49_b   2.78173870 2455580.59436000  127.180    0.015   11.360    91.089458   -16.965306 060421.47 -165755.1
            WASP-5_b   1.62842790 2454373.99598000  142.128    0.014   12.300   359.348917   -41.277083 235723.74 -411637.5
           WASP-50_b   1.95509590 2455558.61197000  108.400    0.021   11.550    43.688083   -10.898036 025445.14 -105352.93
           WASP-52_b   1.74977980 2455793.68143000  108.580    0.029   12.000   348.494833    +8.761278 231358.76 +084540.6
           WASP-54_b   3.69364900 2455522.04373000  271.000    0.009   10.420   205.454250    -0.128056 134149.02 -000741.0
           WASP-55_b   4.46563300 2455737.93960000  211.680    0.017   11.800   203.758083   -17.503528 133501.94 -173012.7
           WASP-56_b   4.61710100 2455730.79900000  213.700    0.011   11.484   183.366250   +23.055611 121327.9 +230320.2
           WASP-57_b   2.83891856 2456058.54910000  138.240    0.014   13.040   223.820167    -2.057639 145516.84 -020327.5
           WASP-58_b   5.01718000 2455183.93350000  227.810    0.016   11.660   274.701042   +45.171972 181848.25 +451019.1
           WASP-59_b   7.91958500 2455830.95559000  146.880    0.018   13.000   349.623083   +24.889278 231829.54 +245321.4
            WASP-6_b   3.36100600 2454596.43267000  156.400    0.024   11.900   348.157292   -22.673917 231237.75 -224026.1
           WASP-60_b   4.30500110 2455747.02950000  200.160    0.006   12.180   356.666583   +31.155944 234639.98 +310921.4
           WASP-61_b   3.85590000 2455859.52825000  236.450    0.015   12.500    75.299625   -26.054139 050111.91 -260314.9
           WASP-62_b   4.41195300 2455855.39195000  228.670    0.013   10.300    87.139958   -63.988417 054833.59 -635918.3
           WASP-63_b   4.37809000 2455921.65270000  320.400    0.007   11.200    94.336417   -38.323278 061720.74 -381923.8
           WASP-64_b   1.57329180 2455582.60169000  143.990    0.016   12.290   101.115042   -32.858403 064427.61 -325130.25
           WASP-65_b   2.31142430 2456110.68772000  164.100    0.014   11.900   133.324292    +8.523000 085317.83 +083122.8
           WASP-66_b   4.08605200 2455929.09615000  270.140    0.007   11.600   158.225000   -34.989806 103254.00 -345923.3
           WASP-67_b   4.61442000 2455824.37420000  113.760    0.019   12.500   295.743792   -19.949556 194258.51 -195658.4
           WASP-68_b   5.08429800 2456064.86356000  308.160    0.006   10.700   305.095750   -19.314694 202022.98 -191852.9
           WASP-69_b   3.86813820 2455748.83344000  133.780    0.019    9.870   315.025792    -5.094472 210006.19 -050540.1
            WASP-7_b   4.95466000 2453985.01490000  214.000    0.011    9.500   311.042208   -39.224917 204410.13 -391329.7
          WASP-70A_b   3.71302030 2455736.50348000  200.020    0.011   10.790   315.477000   -13.433278 210154.48 -132559.8
           WASP-71_b   2.90367470 2455738.84977000  301.540    0.004   10.600    29.263333    +0.758861 015703.20 +004531.9
           WASP-72_b   2.21674210 2455583.65290000  224.350    0.005   10.880    41.040000   -30.169028 024409.60 -301008.5
           WASP-73_b   4.08722000 2456128.70630000  335.520    0.004   10.500   319.949625   -58.148889 211947.91 -580856.0
           WASP-74_b   2.13775000 2456506.89180000  137.520    0.010    9.700   304.541667    -1.075722 201810 -010432.6
           WASP-75_b   2.48419300 2456016.26690000  118.370    0.012   11.450   342.385708   -10.675556 224932.57 -104032.0
           WASP-76_b   1.80988600 2456107.85507000  221.620    0.013    9.500    26.632750    +2.700556 014631.86 +024202.0
           WASP-77_b   1.36003090 2455870.44977000  129.600    0.018   10.290    37.155083    -7.060681 022837.22 -070338.45
           WASP-78_b   2.17517632 2455882.35878000  281.320    0.007   12.000    63.756250   -22.116389 041501.50 -220659.0
           WASP-79_b   3.66238170 2455545.23479000  225.070    0.012   10.100    66.370875   -30.433750 042529.01 -302601.5
            WASP-8_b   8.15871600 2454679.33434000  264.400    0.015    9.790   359.900292   -35.031361 235936.07 -350152.9
           WASP-80_b   3.06785040 2456125.41751200  126.720    0.031   11.881   303.167408    -2.144208 201240.178 -020839.15
           WASP-82_b   2.70578200 2456157.98980000  299.090    0.007   10.100    72.660667    +1.893917 045038.56 +015338.1
           WASP-83_b   4.97125200 2455928.88530000  201.890    0.011   12.900   190.152125   -19.284278 124036.51 -191703.4
           WASP-84_b   8.52348650 2456286.10583000  164.910    0.018   10.830   131.107125    +1.860000 084425.71 +015136.0
          WASP-85A_b   2.65567340 2456311.02659000  161.000    0.028   11.200   175.908375    +6.563722 114338.01 +063349.4
   WASP-86_Kelt-12_b   5.03155500 2457103.75270000  241.100    0.003   10.660   267.640417   +36.570222 175033.7 +363412.8
           WASP-87_b   1.68279500 2456361.84030000  179.080    0.008   10.700   185.324667   -52.840833 122117.92 -525027.0
           WASP-88_b   4.95400000 2456474.73154000  362.880    0.008   11.400   309.511250   -48.462000 203802.7 -482743.2
           WASP-89_b   3.35642270 2456207.02114000  147.600    0.016   13.100   313.899917   -18.971139 205535.98 -185816.1
           WASP-90_b   3.91624300 2456235.56390000  201.310    0.008   11.700   315.532083    +7.056583 210207.70 +070323.7
           WASP-91_b   2.79858100 2456297.71900000  140.540    0.016   12.000   357.845375   -70.152833 235122.89 -700910.2
           WASP-92_b   2.17467420 2456381.28340000  166.000    0.013   13.180   246.692000   +51.041167 162646.08 +510228.2
           WASP-93_b   2.73253210 2456079.56420000  134.100    0.012   10.970     9.458792   +51.288750 003750.11 +511719.5
          WASP-94A_b   3.95019070 2456416.40138000  269.300    0.013   10.100   313.783083   -34.135528 205507.94 -340807.9
           WASP-96_b   3.42526020 2456258.06210000  145.580    0.015   12.200     1.046417   -47.360611 000411.14 -472138.2
           WASP-97_b   2.07276000 2456438.18683000  154.940    0.013   10.600    24.604333   -55.772056 013825.04 -554619.4
           WASP-98_b   2.96264000 2456333.39130000  114.480    0.028   13.000    58.428750   -34.328250 035342.9 -341941.7
           WASP-99_b   5.75251000 2456224.98240000  315.360    0.004   28.800    39.897667   -50.008000 023935.44 -500028.8
       WD_1145+017_b   0.18751700 2457316.68600000   60.000    0.103   17.280   177.140125    +1.483167 114833.63 +012859.4
              XO-1_b   3.94151280 2453808.91682000  179.500    0.017   11.300   240.550000   +28.169722 160212 +281011
              XO-2_b   2.61586178 2454466.88454000  162.000    0.012   11.180   117.029167   +50.225833 074807 +501333
              XO-3_b   3.19152890 2454864.76684000  173.000    0.005    9.860    65.469625   +57.817192 042152.71 +574901.89
              XO-4_b   4.12508000 2454485.93220000  264.000    0.011   10.700   110.388333   +58.268194 072133.20 +581605.5
              XO-5_b   4.18775370 2455511.66486000  193.000    0.014   12.130   116.716496   +39.094575 074651.959 +390540.47
              XO-6_b   3.76500070 2456652.71245000  174.000    0.013   10.250    94.793167   +73.827667 061910.36 +734939.6
