        Kepler-130_c  27.50868000     2455015.10390000      0.254    0.06400   11.825 288.450665  40.245305   0.00006000  -0.00007000
         Kepler-18_b   3.50472500     2454966.50680000      0.086    0.02540   13.539 298.079439  44.746321   0.00002800  -0.00002800
         Kepler-18_c   7.64159000     2455167.08830000      0.145    0.22866   13.539 298.079439  44.746321   0.00003000  -0.00003000
         Kepler-18_d  14.85888000     2455169.17760000      0.153    0.32650   13.539 298.079439  44.746321   0.00004000  -0.00004000
         Kepler-21_b   2.78578000     2456798.71880000      0.150    0.00622    8.128 287.361816  38.714016   0.00003000  -0.00003000
         Kepler-33_b   5.66793000     2454964.89810000      0.203    0.00868   13.951 289.077548  46.005222   0.00012000  -0.00012000
         Kepler-33_c  13.17562000     2454976.67640000      0.279    0.02977   13.951 289.077548  46.005222   0.00014000  -0.00014000
            KELT-1_b   1.21751400     2455914.16280000      0.115    0.60860   10.590   0.362142  39.383808   0.00001500  -0.00001500
         Kepler-65_d   8.13123000     2454970.99050000      0.171    0.00980   10.966 288.688700  41.151173   0.00002000  -0.00002000
         Kepler-11_b  10.30390000     2455589.73780000      0.172    0.03013   13.706 297.115123  41.909138   0.00060000  -0.00100000
         Kepler-11_c  13.02410000     2455583.34940000      0.189    0.07508   13.706 297.115123  41.909138   0.00130000  -0.00080000
         Kepler-11_d  22.68450000     2455594.00690000      0.233    0.08850   13.706 297.115123  41.909138   0.00090000  -0.00090000
         Kepler-11_e  31.99960000     2455595.07550000      0.173    0.13330   13.706 297.115123  41.909138   0.00080000  -0.00120000
         Kepler-11_f  46.68880000     2455618.27100000      0.268    0.05480   13.706 297.115123  41.909138   0.00270000  -0.00320000
         Kepler-11_g 118.38070000     2455593.80210000      0.395    0.10060   13.706 297.115123  41.909138   0.00100000  -0.00060000
         Kepler-15_b   4.94278200     2454969.32865100      0.146    1.12650   13.714 296.200595  49.140125   0.00000130  -0.00000130
         Kepler-33_d  21.77596000     2455022.63420000      0.334    0.08314   13.951 289.077548  46.005222   0.00011000  -0.00011000
         Kepler-33_e  31.78440000     2454968.87150000      0.371    0.04670   13.951 289.077548  46.005222   0.00039000  -0.00039000
         Kepler-33_f  41.02902000     2455005.57630000      0.411    0.05790   13.951 289.077548  46.005222   0.00042000  -0.00042000
               PH2_b 282.52550000     2455196.07090000      0.438    0.98820   12.581 289.763590  51.962601   0.00100000  -0.00100000
         Kepler-50_b   7.81254000     2454974.37600000      0.158    0.00990   10.362 288.100873  50.033718   0.00010000  -0.00010000
         Kepler-50_c   9.37647000     2454969.95800000      0.086    0.01590   10.362 288.100873  50.033718   0.00004000  -0.00004000
        Kepler-105_b   5.41220000     2454966.14240000      0.138    0.06000   12.802 287.887325  46.276237   0.00002000  -0.00002000
         Kepler-62_b   5.71493200     2455003.91890000      0.096    0.04300   13.720 283.212747  45.349865   0.00000900  -0.00000900
         Kepler-62_c  12.44170000     2454967.65100000      0.126    0.00700   13.720 283.212747  45.349865   0.00010000  -0.00010000
         Kepler-62_d  18.16406000     2455013.81170000      0.124    0.09200   13.720 283.212747  45.349865   0.00002000  -0.00002000
         Kepler-62_e 122.38740000     2454983.40400000      0.288    0.07000   13.720 283.212747  45.349865   0.00080000  -0.00080000
         Kepler-62_f 267.29100000     2455422.71000000      0.311    0.04200   13.720 283.212747  45.349865   0.00500000  -0.00500000
         Kepler-65_b   2.15491000     2454966.49900000      0.128    0.00850   10.966 288.688700  41.151173   0.00000500  -0.00000500
         Kepler-65_c   5.85994400     2454965.03910000      0.164    0.02820   10.966 288.688700  41.151173   0.00000300  -0.00000300
         Kepler-77_b   3.57878087     2455095.86572700      0.122    0.98490   13.917 289.607956  44.345425   0.00000023  -0.00000023
          HAT-P-37_b   2.79743600     2455642.14318000      0.097    1.89900   13.262 284.296064  51.269138   0.00000700  -0.00000700
          HAT-P-39_b   3.54387000     2455208.75049000      0.174    0.99900   12.227 113.758247  17.830082   0.00000500  -0.00000500
           HAT-P-9_b   3.92281072     2455484.91308800      0.140    1.14400   12.154 110.168529  37.140652   0.00000102  -0.00000102
          HAT-P-12_b   3.21305980     2454419.19556000      0.097    1.97700   12.420 209.389489  43.493534   0.00000210  -0.00000210
          HAT-P-16_b   2.77596000     2455027.59293000      0.128    1.14700   10.757   9.573181  42.463078   0.00000300  -0.00000300
           CoRoT-2_b   1.74299350     2454237.53556000      0.094    2.75000   12.249 291.777056   1.383714   0.00000100  -0.00000100
          CoRoT-11_b   2.99433000     2454597.67900000      0.104    1.14490   12.841 280.687263   5.937688   0.00001100  -0.00001100
          HAT-P-20_b   2.87531700     2455080.92661000      0.077    0.98980   10.990 111.916469  24.336630   0.00000400  -0.00000400
          HAT-P-27_b   3.03957700     2455407.90880000      0.070    1.43000   11.956 222.767436   5.947368   0.00000500  -0.00000600
          HAT-P-28_b   3.25721500     2455417.59832000      0.134    1.47190   12.872  13.000766  34.728413   0.00000700  -0.00000700
          HAT-P-32_b   2.15000820     2455867.40274300      0.130    2.21600   11.133  31.042848  46.687836   0.00000013  -0.00000013
             K2-30_b   4.09850300     2457063.80714000      0.097    1.60300   13.206  52.341961  22.299404   0.00001100  -0.00001100
         HD_219134_b   3.09292600     2457126.69913000      0.039    0.03580    5.208 348.320740  57.168354   0.00001000  -0.00001000
         HD_219134_c   6.76458000     2457474.04591000      0.069    0.03180    5.208 348.320740  57.168354   0.00033000  -0.00033000
           WASP-76_b   1.80988600     2456107.85507000      0.154    1.18900    9.395  26.632746   2.700539   0.00000100  -0.00000100
           WASP-90_b   3.91624300     2456235.56390000      0.140    0.71000   11.456 315.531971   7.056235   0.00000300  -0.00000300
           KELT-10_b   4.16627390     2457066.72045000      0.156    1.41600   10.701 284.548373 -47.003242   0.00000630  -0.00000630
           KELT-14_b   1.71005660     2456665.22401000      0.091    1.38600   10.838 108.301485 -42.409744   0.00000320  -0.00000260
          WASP-135_b   1.40137940     2455230.99020000      0.069    1.94000   13.004 267.284974  29.879107   0.00000080  -0.00000080
           WASP-20_b   4.89962840     2455715.65562000      0.142    1.16400   10.650   5.160559 -23.935728   0.00000330  -0.00000330
           WASP-21_b   4.32248200     2454743.04190000      0.140    1.08200   11.399 347.492721  18.396086   0.00001900  -0.00002400
           WASP-23_b   2.94442560     2455320.12363000      0.100    1.69100   12.321 101.127587 -42.761826   0.00000110  -0.00000130
           WASP-28_b   3.40883000     2455290.40519000      0.135    1.30000   12.029 353.616152  -1.580064   0.00000600  -0.00000600
           WASP-31_b   3.40590960     2455192.68870000      0.110    1.61500   11.816 169.439021 -19.054773   0.00000500  -0.00000500
           WASP-37_b   3.57746900     2455338.61880000      0.130    1.42700   12.542 221.943987   1.064966   0.00001100  -0.00001100
           WASP-39_b   4.05525900     2455342.96880000      0.117    2.11000   11.887 217.326702  -3.444534   0.00000900  -0.00000900
           WASP-43_b   0.81347500     2455528.86774000      0.048    2.55000   11.907 154.908372  -9.806276   0.00000100  -0.00000100
           WASP-44_b   2.42380400     2458338.10238400      0.093    1.56000   12.896   3.903165 -11.938115   0.00000800  -0.00000800
           WASP-45_b   3.12608900     2458339.14303900      0.070    1.29000   12.049   5.237497 -35.998260   0.00000300  -0.00000300
           WASP-52_b   1.74977980     2455793.68143000      0.075    2.71000   11.954 348.494748   8.761262   0.00000120  -0.00000120
           WASP-59_b   7.91958500     2455830.95559000      0.102    1.69000   12.314 349.623126  24.889290   0.00001000  -0.00001000
           WASP-64_b   1.57329180     2455582.60169000      0.100    1.52200   12.526 101.115041 -32.858402   0.00000150  -0.00000150
           WASP-65_b   2.31142430     2456110.68772000      0.114    1.28000   11.751 133.324304   8.523038   0.00000150  -0.00000150
         WASP-70_A_b   3.71302030     2455736.50348000      0.139    0.97000   11.032 315.476951 -13.433218   0.00000470  -0.00000470
           WASP-75_b   2.48419300     2456016.26690000      0.082    1.07000   11.335 342.385707 -10.675560   0.00000300  -0.00000300
           WASP-80_b   3.06785234     2456487.42500600      0.089    2.93700   11.273 303.167407  -2.144208   0.00000083  -0.00000079
           WASP-84_b   8.52348650     2456286.10583000      0.115    1.67800   10.575 131.107099   1.860033   0.00000700  -0.00000700
           WASP-96_b   3.42526020     2456258.06210000      0.101    1.38000   12.383   1.046351 -47.360626   0.00000270  -0.00000270
          WASP-103_b   0.92554200     2456459.59957000      0.108    1.19500   12.193 249.314868   7.183352   0.00001900  -0.00001900
          WASP-104_b   1.75541370     2456406.11126000      0.073    1.47400   11.593 160.602432   7.435026   0.00000180  -0.00000360
              XO-5_b   4.18775580     2456864.31290000      0.130    1.08000   11.950 116.716527  39.094578   0.00000060  -0.00000060
        Kepler-452_b 384.84300000     2455147.98500000      0.443    0.01990   13.405 296.003688  44.277561   0.00700000  -0.01200000
       Kepler-1514_b 217.83184000     2455071.81411000      0.889    0.78050   11.829 292.627466  37.860133   0.00012000  -0.00012000
          WASP-120_b   3.61127060     2456779.43556000      0.148    0.65500   10.899  62.616051 -45.898220   0.00000430  -0.00000430
          WASP-121_b   1.27492550     2456635.70832000      0.120    1.55100   10.375 107.600275 -39.097393   0.00000020  -0.00000025
           KELT-17_b   3.08017160     2457226.14219400      0.145    0.90700    9.209 125.617523  13.735319   0.00000530  -0.00000520
           WASP-92_b   2.17467420     2456381.28340000      0.115    1.25400   12.818 246.692108  51.041115   0.00000160  -0.00000160
           WASP-93_b   2.73253210     2456079.56420000      0.093    1.09700   10.978   9.458792  51.288761   0.00000200  -0.00000200
          WASP-118_b   4.04604350     2456787.81423000      0.200    0.75500   10.920  19.550543   2.702824   0.00000440  -0.00000440
         WASP-85_A_b   2.65567770     2456847.47285600      0.108    1.87000   10.624 175.908386   6.563726   0.00000044  -0.00000044
          WASP-113_b   4.54216875     2457197.09745900      0.179    0.80900   11.604 224.872776  46.960117   0.00000420  -0.00000420
          WASP-130_b  11.55098000     2456921.14307000      0.155    0.91600   10.972 203.105988 -42.475273   0.00001000  -0.00001000
          WASP-131_b   5.32202300     2456919.82360000      0.160    0.66500    9.867 210.193542 -30.583567   0.00000500  -0.00000500
          WASP-132_b   7.13352100     2456698.20760000      0.128    1.46000   11.754 217.609131 -46.159180   0.00000900  -0.00000900
          WASP-139_b   5.92426200     2457196.79330000      0.118    1.07000   12.271  49.562229 -41.302147   0.00000400  -0.00000400
          WASP-140_b   2.23598350     2456912.35105000      0.063    2.05000   10.820  60.385620 -20.451092   0.00000080  -0.00000080
          WASP-141_b   3.31065100     2457019.59530000      0.150    0.83000   12.482  71.824409 -17.115154   0.00000500  -0.00000500
          WASP-142_b   2.05286800     2457007.77790000      0.112    0.91600   12.757 140.506393 -23.946169   0.00000200  -0.00000200
          WASP-127_b   4.17806203     2456776.62124000      0.181    1.02100   10.054 160.558670  -3.835064   0.00000088  -0.00000053
          WASP-136_b   5.21535700     2456776.90615000      0.227    0.41100    9.819   0.325750  -8.926325   0.00000600  -0.00000600
          WASP-138_b   3.63443300     2457326.62183000      0.157    0.68300   11.687  41.639084  -0.463922   0.00000500  -0.00000500
           Qatar-3_b   2.50792040     2457302.45300400      0.130    0.78900   12.820 359.152008  36.212971   0.00000000   0.00000000
           Qatar-4_b   1.80535640     2457637.77361000      0.089    1.90200   13.411   4.859266  44.027641   0.00000000   0.00000000
           Qatar-5_b   2.87923190     2457336.75824200      0.121    1.12600   12.524   7.053898  42.061333   0.00000000   0.00000000
           KELT-18_b   2.87175180     2457542.52504000      0.194    0.71600   10.104 216.524017  59.444275   0.00000280  -0.00000280
            KELT-9_b   1.48112350     2457095.68572000      0.163    0.67700    7.577 307.859802  39.938828   0.00000110  -0.00000110
           WASP-83_b   4.97125200     2455928.88530000      0.140    1.04000   12.008 190.152085 -19.284243   0.00001500  -0.00001500
           WASP-89_b   3.35642270     2456207.02114000      0.102    1.49000   12.989 313.899962 -18.971106   0.00000250  -0.00000250
           Qatar-1_b   1.42002420     2456234.10321800      0.069    2.14000   12.476 303.381672  65.162041   0.00000022  -0.00000022
            WASP-2_b   2.15217500     2458339.00342000      0.075    1.64600   11.564 307.725542   6.429536   0.00001200  -0.00001100
            WASP-5_b   1.62842790     2454373.99598000      0.099    1.18000   11.996 359.348991 -41.277149   0.00000220  -0.00000490
           WASP-10_b   3.09276160     2454664.03729500      0.093    2.52500   12.174 348.992912  31.462852   0.00001120  -0.00001120
           KELT-20_b   3.47410850     2457503.12004900      0.149    1.30900    7.575 294.661407  31.219225   0.00000190  -0.00000190
          WASP-144_b   2.27831520     2457157.27493000      0.081    1.16500   12.915 320.762878 -40.048443   0.00000130  -0.00000130
        WASP-145_A_b   1.76903810     2456844.16526000      0.041    1.16000   11.358 322.253754 -58.836140   0.00000080  -0.00000080
         HD_136352_b  11.57779000     2458631.76720000      0.164    0.01800    5.462 230.450623 -48.317627   0.00091000  -0.00110000
         HD_136352_c  27.59090000     2458650.89470000      0.134    0.05580    5.462 230.450623 -48.317627   0.00280000  -0.00310000
            G_9-40_b   5.74600700     2458497.77747000      0.056    0.36500   12.733 134.718109  21.076048   0.00000600  -0.00000600
              XO-7_b   2.86414240     2457917.47503000      0.116    0.90900   10.457 277.478871  85.233217   0.00000430  -0.00000430
           TOI-125_d  19.98000000     2458342.85160000      0.130    0.10000   10.718  23.594729 -66.675819   0.00500000  -0.00560000
          WASP-166_b   5.44354000     2457664.32890000      0.150    0.28100    9.257 144.875375 -20.982472   0.00000400  -0.00000400
          HD_63433_b   7.10793000     2458916.45260000      0.134    0.04670    6.718 117.479424  27.363182   0.00040000  -0.00034000
          HD_63433_c  20.54530000     2458844.05799000      0.170    0.07220    6.718 117.479424  27.363182   0.00120000  -0.00130000
          TOI-1266_b  10.89484300     2458821.74439000      0.089    0.27600   12.122 197.998167  65.833806   0.00006700  -0.00006600
          TOI-1266_c  18.80151000     2458821.57060000      0.091    0.12000   12.122 197.998167  65.833806   0.00067000  -0.00069000
           NGTS-13_b   4.11902700     2458572.82470000      0.218    0.43000   12.569 176.240250 -38.139717   0.00002300  -0.00002300
           TOI-178_b   1.91455800     2458741.63650000      0.070    0.02630   11.152   7.301250 -30.453739   0.00001800  -0.00001800
           TOI-178_c   3.23845000     2458741.47830000      0.081    0.05510   11.152   7.301250 -30.453739   0.00002000  -0.00001900
           TOI-178_d   6.55770000     2458747.14623000      0.098    0.13130   11.152   7.301250 -30.453739   0.00001600  -0.00001600
           TOI-178_e   9.96188100     2458751.46580000      0.104    0.09680   11.152   7.301250 -30.453739   0.00004200  -0.00004200
           TOI-178_f  15.23191500     2458745.71780000      0.098    0.10370   11.152   7.301250 -30.453739   0.00011500  -0.00009500
           TOI-178_g  20.70950000     2458748.03020000      0.090    0.16330   11.152   7.301250 -30.453739   0.00014000  -0.00011000
           TOI-824_b   1.39297800     2458639.60354000      0.048    0.14900   10.762 222.165458 -57.588867   0.00001800  -0.00001700
          WASP-186_b   5.02679900     2456237.11950000      0.113    0.61000   10.651  18.995208  21.616917   0.00001200  -0.00001400
          WASP-187_b   5.14787800     2455197.35290000      0.242    0.35000   10.132  17.474833  25.681667   0.00000500  -0.00000900
           TOI-564_b   1.65114400     2458549.57554000      0.043    0.92000   11.142 130.295153 -16.036327   0.00001800  -0.00001800
           TOI-905_b   3.73949400     2458643.30898000      0.085    1.71800   11.081 227.658675 -17.361632   0.00003800  -0.00003800
       Kepler-1514_c  10.51418100     2454957.05460000      0.157    0.00699   11.829 292.627466  37.860133   0.00003900  -0.00003900
         HD_108236_b   3.79596300     2458773.29640000      0.099    0.02850    9.087 186.574539 -51.362835   0.00002500  -0.00003400
         HD_108236_c   6.20344900     2458770.90586000      0.119    0.04690    9.087 186.574539 -51.362835   0.00004900  -0.00004600
         HD_108236_d  14.17568500     2458769.79682000      0.160    0.07050    9.087 186.574539 -51.362835   0.00008300  -0.00010000
         HD_108236_e  19.59002500     2458782.46935000      0.175    0.10380    9.087 186.574539 -51.362835   0.00008300  -0.00008900
         HD_108236_f  29.54115000     2458793.27860000      0.136    0.04450    9.087 186.574539 -51.362835   0.00033000  -0.00042000
           TOI-776_b   8.24661000     2458571.41670000      0.100    0.10630   10.741 178.576625 -37.552722   0.00005000  -0.00004000
           TOI-776_c  15.66530000     2458572.59990000      0.125    0.14840   10.741 178.576625 -37.552722   0.00040000  -0.00030000
           TOI-451_b   1.85870300     2458410.99000000      0.085    0.03960   10.750  62.966446 -37.939783   0.00002500  -0.00003500
           TOI-451_c   9.19252200     2458411.79560000      0.148    0.10480   10.750  62.966446 -37.939783   0.00006000  -0.00010000
           TOI-451_d  16.36498800     2458416.63478000      0.171    0.18030   10.750  62.966446 -37.939783   0.00004400  -0.00004400
           TOI-628_b   3.40956750     2458629.47972000      0.158    0.65700   10.058  99.263067   1.767554   0.00000700  -0.00000690
           TOI-640_b   5.00377750     2458459.73877000      0.150    0.76400   10.401  99.734614 -36.646151   0.00000480  -0.00000480
          TOI-1333_b   4.72021900     2458913.37033000      0.193    0.55500    9.350 325.014600  48.406813   0.00001100  -0.00001100
          TOI-1478_b  10.18024900     2458607.90338000      0.174    1.08300   10.662 126.433779 -13.559841   0.00001500  -0.00001500
          TOI-1601_b   5.33175100     2458990.55302000      0.263    0.33950   10.528  38.361445  41.013436   0.00001100  -0.00001100
         KELT-19_A_b   4.61170930     2457281.24953700      0.183    1.14800    9.863 111.509499   7.615806   0.00000880  -0.00000880
          WASP-158_b   3.65633300     2457619.91950000      0.149    0.63000   12.091   4.146333 -10.976417   0.00000400  -0.00000400
          WASP-159_b   3.84040100     2457668.08490000      0.233    0.45300   12.295  68.136497 -38.968334   0.00000700  -0.00000700
          WASP-162_b   9.62468000     2457701.38160000      0.177    0.87000   12.065 168.292923 -17.657778   0.00001000  -0.00001000
          WASP-168_b   4.15365800     2457424.52780000      0.080    1.19000   11.714  96.744621 -46.821445   0.00000300  -0.00000300
          WASP-172_b   5.47743300     2457032.26170000      0.221    0.72000   11.010 199.433838 -47.237583   0.00000700  -0.00000700
        WASP-173_A_b   1.38665318     2457288.85850000      0.096    1.23000   11.397 354.168243 -34.611279   0.00000027  -0.00000027
          WASP-161_b   5.40604250     2457416.52890000      0.214    0.45092   10.899 126.337875 -11.501000   0.00000480  -0.00000480
          WASP-163_b   1.60968840     2457918.46200000      0.093    1.41700   12.251 256.537417 -10.413056   0.00000150  -0.00000150
          WASP-170_b   2.34478022     2457802.39150000      0.085    1.38200   12.469 135.416375 -20.720444   0.00000360  -0.00000360
            K2-285_b   3.47174500     2457743.37545000      0.091    0.09700   11.804 349.384277   1.300290   0.00004400  -0.00004600
            K2-285_c   7.13804800     2457744.53906000      0.105    0.21000   11.804 349.384277   1.300290   0.00007200  -0.00006300
            K2-285_d  10.45582000     2457745.20100000      0.104    0.10000   11.804 349.384277   1.300290   0.00025000  -0.00023000
            K2-285_e  14.76289000     2457741.89690000      0.096    0.06800   11.804 349.384277   1.300290   0.00065000  -0.00061000
          WASP-190_b   5.36775300     2457799.12560000      0.186    0.62000   11.633   7.709304 -40.573433   0.00000400  -0.00000400
            K2-133_e  26.58410000     2457837.86570000      0.060    0.09870   13.325  70.148567  25.010006   0.00180000  -0.00170000
           TOI-270_b   3.36008000     2458461.01464000      0.058    0.09010   11.631  68.415500 -51.956233   0.00006500  -0.00007000
           KELT-21_b   3.61276470     2457295.93434000      0.171    0.99000   10.541 304.800049  32.581039   0.00000330  -0.00000330
 CoRoTID_223977153_b   6.71837000     2455901.81100000      0.104    0.29000   13.587 100.195183   9.257431   0.00001000  -0.00001000
            K2-260_b   2.62666570     2457820.73813500      0.174    0.94700   12.467  76.867325  16.867718   0.00000180  -0.00000180
           HD_1397_b  11.53533000     2458332.08261000      0.358    0.20370    7.593   4.446472 -66.358910   0.00079000  -0.00080000
            K2-286_b  27.35900000     2458010.41700000      0.125    0.11200   12.165 233.369568 -16.773256   0.00500000  -0.00500000
           TOI-270_c   5.66017200     2458463.08481000      0.069    0.33940   11.631  68.415500 -51.956233   0.00003500  -0.00003500
           TOI-270_d  11.38014000     2458469.33834000      0.089    0.26450   11.631  68.415500 -51.956233   0.00011000  -0.00010000
          WASP-167_b   2.02195960     2456592.46430000      0.114    0.82000   10.579 196.043869 -35.549522   0.00000060  -0.00000060
           WASP-91_b   2.79858100     2456297.71900000      0.098    1.50000   11.624 357.845367 -70.152832   0.00000300  -0.00000300
          WASP-105_b   7.87288000     2456600.07650000      0.155    1.20000   11.845  24.167667 -50.659027   0.00001000  -0.00001000
            K2-261_b  11.63344000     2457906.84084000      0.213    0.28010   10.459 163.032425   0.493352   0.00012000  -0.00012000
       HD_202772_A_b   3.30895800     2458338.61047000      0.235    0.37550    8.227 319.699588 -26.616375   0.00008300  -0.00008300
          DS_Tuc_A_b   8.13826800     2458332.30997000      0.132    0.29360    8.319 354.914490 -69.195747   0.00001100  -0.00001100
        WASP-180_A_b   3.40926400     2457763.31500000      0.130    1.23000   10.913 123.392292  -1.982750   0.00000100  -0.00000100
        LTT_1445_A_b   5.35882000     2458423.42629000      0.057    0.24980   10.047  45.464111 -16.593372   0.00030000  -0.00031000
          HAT-P-69_b   4.78694910     2458495.78861000      0.214    0.76270    9.773 130.505638   3.710566   0.00000180  -0.00000210
          HAT-P-70_b   2.74432452     2458439.57519000      0.145    0.84430    9.452  74.552333   9.997979   0.00000079  -0.00000068
          WASP-169_b   5.61141180     2457697.01760000      0.252    0.44600   11.721 127.387375 -12.944694   0.00000920  -0.00000920
          WASP-171_b   3.81862440     2458059.82950000      0.191    0.38200   12.441 171.845250 -44.088694   0.00000380  -0.00000380
          WASP-175_b   3.06529070     2457143.78886000      0.112    1.06400   11.721 166.319167 -34.122306   0.00000110  -0.00000160
          WASP-182_b   3.37698480     2458018.66018000      0.108    0.42600   11.917 311.673250 -41.820889   0.00000240  -0.00000240
           KELT-24_b   5.55149260     2458540.47759000      0.179    0.75300    8.238 161.909790  71.655876   0.00000810  -0.00000800
    EPIC_246851721_b   6.18023500     2457865.11032000      0.171    0.46400   11.255  78.919746  16.278742   0.00001400  -0.00001400
            K2-266_b   0.65852400     2457949.67470000      0.014    0.18000   11.353 157.935440   0.937571   0.00001700  -0.00001700
          WASP-178_b   3.34482850     2456927.06839000      0.145    1.24300    9.912 227.270375 -42.704944   0.00000120  -0.00000120
          WASP-184_b   5.18170000     2457630.00800000      0.199    0.69000   12.567 209.517042 -30.348139   0.00001000  -0.00001000
          WASP-185_b   9.38755000     2456935.98200000      0.192    0.73000   10.895 214.059625 -19.542278   0.00002000  -0.00002000
          WASP-192_b   2.87867650     2457271.33310000      0.096    0.92600   12.535 223.658708 -38.744528   0.00000280  -0.00000280
         HD_191939_b   8.88040300     2458715.35554000      0.128    0.11990    8.775 302.023987  66.850578   0.00007000  -0.00007000
         HD_191939_c  28.58059000     2458726.05310000      0.186    0.10590    8.775 302.023987  66.850578   0.00045000  -0.00045000
         HD_191939_d  38.35610000     2458743.55050000      0.230    0.10720    8.775 302.023987  66.850578   0.00120000  -0.00120000
           TOI-700_b   9.97702000     2458490.98670000      0.094    0.05030   12.066  97.096788 -65.579312   0.00024000  -0.00028000
            K2-266_c   7.81400000     2457946.65100000      0.094    0.00850   11.353 157.935440   0.937571   0.00190000  -0.00160000
            K2-266_d  14.69700000     2457944.83930000      0.142    0.14650   11.353 157.935440   0.937571   0.00034000  -0.00035000
            K2-266_e  19.48200000     2457938.54100000      0.153    0.12700   11.353 157.935440   0.937571   0.00120000  -0.00120000
          WASP-147_b   4.60273000     2456562.59500000      0.183    0.64000   12.183 359.191528 -22.153164   0.00002700  -0.00002700
        WASP-160_B_b   3.76849520     2457383.65494000      0.119    1.66300   12.884  87.679420 -27.623163   0.00000350  -0.00000350
          WASP-164_b   1.77712550     2457203.85378000      0.067    1.54200   12.468 344.873413 -60.447769   0.00000280  -0.00000280
          WASP-165_b   3.46550900     2457649.71142000      0.174    0.54400   12.543 357.580536 -17.077572   0.00002300  -0.00002300
           TOI-700_c  16.05111000     2458548.75256000      0.059    0.32900   12.066  97.096788 -65.579312   0.00006200  -0.00006300
           TOI-700_d  37.42475000     2458742.14760000      0.138    0.06130   12.066  97.096788 -65.579312   0.00036000  -0.00040000
          HIP_65_A_b   0.98097340     2458326.10418000      0.033    8.20000   10.590   0.185667 -54.830814   0.00000310  -0.00000310
           TOI-157_b   2.08454350     2458326.54771000      0.089    1.28300   12.514  73.701417 -76.680603   0.00000230  -0.00000230
           TOI-169_b   2.25544770     2458327.44174000      0.071    0.75000   12.238  16.778667 -75.198942   0.00000630  -0.00000630
            K2-239_b   5.24000000     2457908.19100000      0.061    0.06700   13.437 160.594299   4.441349   0.00100000  -0.00100000
            K2-239_c   7.77500000     2457916.86000000      0.052    0.05800   13.437 160.594299   4.441349   0.00100000  -0.00100000
            K2-239_d  10.11500000     2457908.38100000      0.077    0.06500   13.437 160.594299   4.441349   0.00100000  -0.00100000
            K2-240_b   6.03400000     2457996.82500000      0.090    0.13100   12.621 227.849609 -17.875217   0.00100000  -0.00100000
            K2-240_c  20.52300000     2458005.72200000      0.133    0.09800   12.621 227.849609 -17.875217   0.00100000  -0.00100000
          WASP-174_b   4.23370000     2457465.93360000      0.085    0.86000   11.683 195.794006 -41.384838   0.00000300  -0.00000300
           TOI-172_b   9.47725000     2458345.87340000      0.196    0.31200   11.193 316.631875 -26.692858   0.00064000  -0.00079000
          WASP-150_b   5.64420700     2457217.26140000      0.130    0.44000   11.915 264.263083  53.021222   0.00000300  -0.00000400
          WASP-176_b   3.89905200     2458234.17710000      0.215    0.64000   11.939 313.687250   9.179028   0.00000500  -0.00000500
         HD_332231_b  18.71204000     2458729.67987000      0.257    0.48670    8.418 306.741333  33.744450   0.00043000  -0.00043000
           KELT-16_b   0.96899510     2457247.24791000      0.104    1.14600   11.796 314.268494  31.661034   0.00000240  -0.00000240
            pi_Men_c   6.26790000     2458325.50400000      0.123    0.03000    5.491  84.291214 -80.469124   0.00046000  -0.00046000
       Kepler-1654_b 1047.83560000     2455375.13410000      0.958    0.50960   13.406 282.185812  44.434486   0.00180000  -0.00190000
    EPIC_248847494_b 3650.00000000     2457967.17000000      2.233    0.18000   12.172 159.389267  11.842731 1280.00000000 -1130.00000000
            HR_858_b   3.58599000     2458409.18969000      0.113    0.02130    6.248  42.984360 -30.814520   0.00015000  -0.00015000
          WASP-177_b   3.07172200     2457994.37140000      0.067    1.85000   12.072 334.796625  -1.834639   0.00000100  -0.00000100
          WASP-181_b   4.51950640     2457747.66681000      0.128    1.59000   12.783  26.793208   3.133056   0.00000340  -0.00000340
          WASP-183_b   4.11177710     2457796.18450000      0.084    2.26000   12.815 163.789000  -0.737139   0.00000510  -0.00000510
           KELT-12_b   5.03162300     2457083.66045900      0.240    0.59600   10.484 267.640503  36.570232   0.00003200  -0.00003100
           KELT-11_b   4.73610000     2457483.43100000      0.297    0.26500    7.831 161.707260  -9.399025   0.00003000  -0.00003000
          HD_89345_b  11.81430000     2457913.80520000      0.239    0.15090    9.217 154.671066  10.129028   0.00020000  -0.00020000
            HR_858_c   5.97293000     2458415.63440000      0.121    0.01840    6.248  42.984360 -30.814520   0.00060000  -0.00053000
            HR_858_d  11.23000000     2458409.73280000      0.143    0.02290    6.248  42.984360 -30.814520   0.00110000  -0.00100000
           TOI-125_b   4.65382000     2458355.35529000      0.123    0.08700   10.718  23.594729 -66.675819   0.00033000  -0.00031000
           TOI-125_c   9.15059000     2458361.90850000      0.123    0.08910   10.718  23.594729 -66.675819   0.00070000  -0.00082000
         KELT-23_A_b   2.25525100     2458140.37920000      0.099    1.86400   10.182 232.146636  66.358762   0.00001100  -0.00001200
          LTT_3780_b   0.76844800     2458543.91150000      0.034    0.10870   11.846 154.644917 -11.717800   0.00005500  -0.00005300
          LTT_3780_c  12.25190000     2458546.84840000      0.058    0.32400   11.846 154.644917 -11.717800   0.00280000  -0.00300000
          TOI-1235_b   3.44472900     2458845.51696000      0.077    0.06450   10.849 152.218250  69.276619   0.00003100  -0.00002800
